i2a42E0Z3QE	174175	174196	174219	174257	174304	
fm84YGQ3LZ8	4140	4144	4146	4149	4156	
sfgMQXVbrPE	5881	5881	5883	5883	5883	
bPBb6gHzebo	2286	2286	2286	2286	2286	
iygksCMcrfQ	1510	1510	1512	1515	1515	
066XkPBmRw0	1919	1919	1921	1922	1922	
J7gf3KRZ4fQ	159009	159019	159025	159038	159061	
8105jeXPlbE	7517	7520	7522	7522	7527	
UZOdlNFV3Rk	9228	9228	9232	9232	9236	
EjDOEF9XFR4	2758	2758	2758	2758	2758	
HoAczh28FtQ	1545	1545	1545	1545	1545	
LaXAG7ozZL4	6956	6956	6956	6956	6956	
CbwD8mbj41s	2245	2247	2247	2247	2247	
VIc3jqE48Lo	1283	1283	1283	1283	1284	
uUt87FkXzO4	91363	91421	91482	91545	91681	
dYi4XCyAZ6k	54690	54696	54703	54705	54711	
fs4xb0f0rjw	1120	1120	1120	1120	1120	
7O1_R5qQe_E	1771	1771	1771	1771	1773	
NRs53UjeXGk	11834	11837	11839	11839	11841	
YSuOhkyx0J8	8966	8970	8970	8973	8979	
RUtHuBghnG0	7893	7893	7893	7895	7897	
28bU9624TTY	86425	86493	86536	86591	86705	
0x1Hno3S0i8	9514	9518	9527	9531	9544	
8op71_OknJ8	23177	23182	23183	23185	23189	
0OhtODbKajw	14123	14128	14131	14134	14150	
86dvD7ykDTk	2483	2483	2487	2488	2488	
sH8-3K7Z25k	17073	17073	17073	17073	17073	
GjD6mZyWlL4	4022	4024	4028	4030	4032	
HhY6tk5HR7g	30765	30765	30767	30767	30767	
YTC0V0LWeGI	61388	61400	61418	61434	61480	
j41kbwP6xcs	11669	11674	11678	11680	11693	
ljLa04P1Knc	4659	4659	4659	4659	4661	
AJUkd7LNQss	3597	3599	3599	3601	3601	
AN2oacTVZxk	5563	5566	5569	5571	5579	
wT7tYJoiu-U	4062	4064	4067	4073	4078	
UxqeSjTmXSM	5882	5882	5884	5884	5884	
-zBHBe9mtsw	1754	1756	1756	1756	1756	
H81UHceHiG4	55417	55420	55420	55427	55429	
pLUrh1WEmc0	3860	3865	3868	3870	3877	
b31c49SKAys	40080	40084	40087	40092	40105	
TM6qHxmpG4s	1173	1173	1173	1173	1173	
ESTkK5DDINw	5979	5979	5979	5979	5980	
w09lFQKU3ao	3342	3342	3344	3344	3344	
ZLtGCKaof-Y	3812	3812	3812	3816	3816	
tSkuBvf4kSE	4182	4182	4185	4185	4185	
JMTO_imEh70	7453	7456	7462	7463	7467	
qtdMERUh_oA	19770	19777	19781	19786	19805	
vptnkdj5tfw	3838	3838	3838	3841	3843	
qjnakWEyrFg	2343	2343	2343	2343	2343	
rHen8KxsXYI	91622	91622	91622	91622	91622	
bLTRxag8-ho	1256	1256	1256	1256	1256	
j_OEFVqedbw	1884	1884	1884	1884	1884	
oINB6A9emR4	49935	49966	49993	50037	50141	
Fms2XtwPsAY	1079	1079	1079	1079	1079	
5ZbYw9fz-as	44593	44656	44706	44767	44899	
YvCM2a0VEsI	40155	40158	40158	40161	40163	
E9-dP3qtUeU	26667	26669	26669	26669	26671	
W2fa6S6ckY0	3720	3720	3720	3722	3722	
omAhmVzfGfU	1628	1630	1630	1630	1630	
Ip9LxvJM9ps	25954	25954	25954	25954	25954	
824EP5CTcVk	4416	4420	4423	4423	4427	
_6lPXI5msxU	2252	2255	2255	2259	2263	
FQ_0Y9rylVo	10356	10356	10358	10360	10362	
rotyXB4oErM	30919	30921	30921	30921	30921	
_4ZuCwv4UCI	1471	1471	1471	1471	1471	
Jpor09g6Y24	1071	1071	1071	1071	1071	
cH_C3Yt3NBI	96268	96272	96277	96292	96330	
zxGh6DbZF6A	4123	4123	4123	4125	4125	
OhTFvhGq22A	5644	5644	5644	5644	5644	
R4-32sYUnXs	1845	1847	1847	1847	1849	
lJNkhSe5YmE	17291	17291	17291	17291	17292	
-z9X5CyuKE4	1165	1165	1165	1165	1165	
SWPQxazqrqs	1339	1339	1339	1339	1339	
spTYMPdUpbc	11653	11656	11659	11659	11666	
ec9nqSREQt4	74180	74190	74204	74215	74243	
8slhmJK-VxI	16402	16412	16416	16436	16468	
ncdNZIXpPjQ	1527	1527	1527	1527	1527	
6ulNE9h47fQ	16488	16488	16488	16488	16488	
o9SKAG75mq4	20342	20357	20365	20371	20391	
G4k-E_hiw9g	243811	243858	243916	244002	244155	
DSvDI-YZ21I	2482	2482	2482	2485	2487	
1BaFxPZYL8A	2727	2727	2727	2727	2730	
CiFAYM2-fYw	6123	6123	6125	6125	6125	
kuLoVmRxDoQ	10342	10347	10348	10351	10357	
SPvK1BkCYdo	1142	1142	1142	1142	1142	
V76m3jYN-R0	5321	5321	5321	5321	5321	
qx8motRLZJA	2267	2269	2269	2269	2269	
56Swsh9mPh0	3631	3631	3631	3631	3631	
9mIUEN1GIRw	17002	17018	17023	17033	17060	
WHA_fUuX-Mw	64413	64446	64471	64495	64575	
t8vArCq6EcU	8967	8967	8967	8967	8967	
dwoxUSD-HIM	3641	3641	3641	3641	3641	
Z0Q7Bv8cMp8	21370	21370	21370	21374	21381	
dcpL5G0imOE	2338	2338	2338	2338	2338	
FKafPFjkXD8	3044	3044	3044	3048	3052	
596I5zZ1dXs	2476	2476	2477	2477	2477	
YFU7GKJuCpI	5031	5033	5033	5035	5037	
qNoaKYe05rQ	5003	5003	5003	5003	5005	
qbSqGi8fcDQ	1156	1156	1156	1156	1156	
M194YCDUpIg	2745	2745	2745	2748	2752	
IKSNCM9uFMM	3646	3649	3649	3649	3649	
wvVEW8SZWUw	1877	1879	1879	1879	1879	
LvFhnLgQaCI	18409	18409	18409	18409	18415	
uh8oDPTWo-E	7998	7998	7998	8001	8007	
L6IH8DuwGDo	4351	4351	4351	4351	4351	
P1KPg-TN5c4	12830	12830	12830	12830	12831	
a6AqqLaB5Lc	3116	3116	3116	3116	3118	
yJZu5hw6824	2265	2265	2265	2265	2268	
7ZyeD0xwTTI	355143	355162	355174	355244	355656	
upW4EAYhmEo	24753	24766	24772	24781	24795	
XIbmlHe_uwY	23134	23153	23172	23185	23237	
JEv0oPgUQvk	7284	7287	7295	7299	7308	
SlLIouoqWQY	8577	8577	8579	8582	8585	
Vik92IFLCW0	7421	7437	7440	7441	7446	
SdHIjd-v21w	1140	1140	1140	1141	1141	
TFO1TIcw9sE	7944	7944	7946	7946	7946	
9JIofvGaqVY	15412	15418	15426	15436	15449	
mXmQl_P0stM	3516	3516	3516	3517	3517	
AGBl4dWklrE	29833	29843	29848	29857	29876	
J3e-pdi7ZPI	4948	4951	4953	4953	4957	
nJ97UBE_qds	3301	3301	3301	3301	3301	
Vec7oROrRxU	1257	1257	1257	1257	1257	
byNCipFMlzw	1047	1047	1047	1047	1047	
-A55NQfbbMQ	1079	1079	1079	1079	1079	
IP_pNxlHGGg	13375	13379	13381	13381	13383	
y1dC1tYKqVU	1440	1440	1440	1440	1440	
ipj2PIZLCT4	1360	1360	1360	1360	1360	
rRZn-iaEo3Q	3200	3200	3203	3204	3204	
YNrTOpo-fb4	4306	4310	4313	4313	4323	
cpMFcMHTPRg	19073	19090	19100	19116	19170	
69zbbqTMREQ	22750	22755	22759	22770	22778	
IYUlMjk52vA	1186	1188	1188	1188	1188	
YJJvL5xrpt0	2170	2170	2170	2170	2174	
tjhoNSCbOwY	2258	2258	2258	2258	2258	
JpWX41ZXAfo	4937	4937	4937	4937	4937	
enfPzjyH5hk	1145	1145	1145	1145	1145	
tJPdClLDuXE	18810	18824	18837	18855	18905	
UDvZjYU6vys	19688	19695	19695	19697	19702	
_bw3A-wtCv8	2041632	2042160	2042584	2043181	2044504	
vj_W6W1aDBM	13296	13319	13337	13367	13416	
nCYkVvWxcsA	21014	21014	21014	21014	21014	
MRrV8YUn2h4	4189	4191	4193	4195	4197	
aVwIi691RQY	2238	2240	2241	2241	2243	
bMZQlfGY-2A	19536	19598	19653	19722	19852	
RKse33aAl9I	14855	14855	14857	14857	14857	
vYn6ATXCpxY	239236	239261	239273	239302	239344	
hWoAMPPCPLw	110569	110588	110602	110622	110668	
kRMlQsO3IbI	13669	13677	13681	13685	13702	
VbWsAqcxNis	1809	1809	1809	1809	1809	
2t-wNPg6_hw	1738	1738	1738	1738	1738	
_F5vmvz7UkE	210752	210785	210823	210860	210949	
1kg92AOvmK8	5005	5009	5010	5015	5025	
wtVq7t-5Nwg	19700	19700	19702	19702	19704	
NIUOK8D4uQQ	5084	5084	5084	5084	5084	
Lmd1v4IpTng	19775	19775	19778	19778	19778	
YururxjuSSg	17378	17380	17380	17386	17392	
JPTqbrRQsbI	155553	155560	155565	155575	155582	
CTYmr4h2UR4	1359	1359	1359	1359	1359	
K7dszrvelxw	3663	3663	3666	3667	3667	
qPIJZlFq1sE	1667	1667	1667	1667	1667	
LcZjJJU1sAY	1330	1330	1330	1330	1330	
ntvJXby4F_A	1462	1462	1462	1462	1462	
w_lJqvHADSk	7994	7994	7994	7996	7996	
owR9zBkjFlA	3009	3009	3011	3011	3013	
wZHzVzV1vEc	2458	2458	2458	2459	2459	
6Hann4fpB9c	8604	8604	8604	8608	8611	
DRU1VV4iEeo	7023	7035	7041	7050	7068	
4aZSNbp2EKI	1648	1648	1650	1650	1650	
r_vx01xWBaQ	1793	1793	1793	1793	1793	
Axakz834ggk	3134	3134	3134	3134	3137	
ANY4v7pg4H8	8009	8012	8012	8012	8012	
nzWcLeYBegY	4291	4294	4298	4299	4305	
XSYMoIKShtA	120066	120191	120247	120309	120460	
SH7COa1uA2o	4130	4134	4136	4139	4139	
9EaybTneTIs	10178	10182	10185	10188	10190	
tigm8DpnCRI	3215	3215	3215	3215	3215	
djWqNyY2VKc	8397	8399	8401	8401	8404	
HxifNmeDj8g	3281	3284	3286	3290	3292	
j7oXmnIJiE8	1158	1158	1158	1158	1158	
dvBpBe7t9gw	5571	5573	5573	5575	5581	
N3mVpW-yfmM	7905	7912	7914	7915	7924	
3kUEiR74XnI	1409	1409	1409	1409	1409	
0yKD3H3pD8I	3422	3422	3424	3424	3427	
THGQDIOB6vw	53924	53924	53924	53924	53924	
K4JAH16Oqj0	1511	1511	1511	1511	1511	
tq0wu_ONx-s	2734	2734	2734	2734	2734	
PjtzvOt4aIs	5416	5416	5416	5418	5418	
yQ1G-jxw74s	105916	105988	106019	106054	106121	
p4-nzdR89Jg	2177	2177	2177	2177	2177	
Acsj7mfjgt8	2021	2021	2021	2021	2021	
gn23UJY0ZzE	1157	1157	1157	1157	1157	
G1XHLPSrQUk	5250	5252	5252	5252	5252	
pzGaO7UKCvs	5678	5678	5678	5678	5678	
7MXeYrLTgeY	1766	1766	1767	1767	1767	
aJoJ0drrYkg	3740	3742	3742	3742	3744	
ahObS80vnpo	1503	1503	1503	1503	1503	
GsPvkUqx6Ms	12601	12606	12608	12617	12625	
srnvRGUaj54	1354	1354	1354	1354	1354	
2VRvS54eBSI	174739	174786	174840	174877	174966	
3ARPopC8LUU	30307	30310	30314	30316	30316	
xQdZHjBg3Ug	1727	1727	1727	1727	1727	
f4M2zGPQrTE	2397	2397	2399	2399	2402	
jYDSqH29QwA	1439	1439	1439	1439	1439	
kNulaA-ArQU	3561	3561	3561	3561	3561	
0_4nc00yYjs	74429	74465	74480	74490	74512	
M91k0A9z_YY	9895	9895	9897	9898	9900	
OPfcuaNCrp0	1593	1593	1593	1595	1597	
ubG5QhmWTfs	1696	1696	1696	1699	1699	
CozH9hwLvnM	82348	82377	82391	82404	82443	
qVQolkRKAC4	12979	12993	12997	12997	13008	
bLNqBDXUoFo	1361	1361	1361	1361	1361	
HJsTktzFqOY	1945	1945	1945	1946	1946	
egISiNixlIc	161413	161476	161516	161589	161706	
6VxzNQ9c_0Q	1910	1910	1910	1910	1910	
U9ZUWH0EVmY	1791	1792	1792	1792	1792	
cmWjeRdJKfg	3948	3948	3948	3950	3950	
mRJbKvSQfUs	13485	13509	13520	13529	13555	
cLnNIXzj-SU	1321	1321	1321	1321	1321	
W33MkFk3ja8	5319	5331	5341	5349	5376	
SRHgeFJjg3k	23285	23285	23285	23285	23285	
gXZu0xyHekY	2289	2289	2289	2289	2289	
S0A33mSs7oE	1481	1481	1481	1481	1481	
BcJ_b6Ny2Rk	2291	2291	2293	2294	2294	
L3gv9isuayM	1190	1190	1190	1190	1190	
fZzv2vm73Xs	66228	66266	66296	66331	66391	
QySX_cTm4Lo	15437	15446	15459	15470	15497	
GtDoYMMSLzs	2802	2804	2805	2805	2805	
Vynm1rMKoMY	4826	4826	4828	4828	4828	
vPXlrarVORU	7575	7593	7612	7623	7646	
XYI9JJ44Gpc	13237	13244	13249	13256	13258	
bc6y75SxEIo	6524	6526	6531	6534	6540	
7dWibhGtH8Y	4751	4756	4758	4761	4764	
yQWz9M-Pb4w	13314	13319	13320	13322	13324	
zkSk82idEJA	52528	52528	52528	52530	52530	
eGgRx1HQWW8	285856	285869	285880	285887	285898	
Yso0Fa5rwak	5428	5428	5428	5430	5430	
tMaSJAtFEQs	5306	5311	5311	5319	5335	
f5U37FVBZo8	7725	7725	7725	7725	7726	
DjgPrJuX-4U	4212	4212	4212	4212	4212	
jtPQfy4pmhk	1539	1539	1539	1539	1539	
spCm4Z0ta6k	55381	55603	55856	56162	56623	
mujLDuqI5Pc	36694	36722	36736	36756	36793	
1-1cj9aU-8I	1693	1693	1693	1693	1693	
l84igiWogJ4	33803	33803	33803	33803	33803	
HduK9KVbkAg	5270	5270	5270	5270	5270	
U4ozx7-1uVA	2431	2431	2431	2431	2431	
2umbx-N4Ato	7543	7546	7548	7553	7560	
FmOquxPggYU	123106	123112	123115	123116	123129	
usZdNugyQvY	2991	2995	3002	3008	3015	
NX21qrPED08	3281	3284	3284	3286	3291	
nmRboYmi56E	5227	5227	5227	5227	5227	
lMY3KkYky1o	3046	3046	3046	3046	3046	
lWYsDkb4-ZY	1456	1456	1456	1456	1456	
KKbNDyJXtf8	2728	2728	2728	2729	2729	
sbl_omg6BIs	2708	2711	2713	2713	2716	
-hq5Nezv7dw	1246	1246	1246	1246	1246	
jVcURStK8RU	1112	1112	1114	1116	1116	
r_C1z53PImg	5196	5198	5200	5200	5208	
iqWvysYql2k	1273	1273	1273	1273	1273	
rOIrvbnpH8k	1455	1455	1455	1455	1455	
FzqZ8FRDpzg	2762	2764	2764	2767	2767	
dxVP3T4y6sQ	6506	6512	6514	6516	6527	
LQJGmXjFzO8	7166	7168	7170	7176	7184	
qSe_O7MZ0Yw	2872	2872	2872	2872	2872	
drj8QMx6vF4	3524	3526	3526	3526	3526	
WkaA7gNzoIQ	6624	6624	6624	6624	6624	
WK4zoPEvbSY	10500	10504	10506	10506	10511	
jnv9xz278Ac	2922	2922	2924	2924	2924	
thowbyBi8oM	3363	3363	3363	3363	3363	
6A9sropagUI	4823	4823	4823	4823	4823	
GaLExwVM7hc	5342	5342	5346	5346	5353	
rfKUaoXLKnw	8176	8176	8178	8178	8181	
N8FdSpQBhqY	55914	55916	55920	55920	55925	
-PEGm3R4dtU	34104	34106	34110	34113	34117	
Ow52OAJWGSM	2754	2754	2754	2754	2754	
bYReikJxuDM	3594	3594	3594	3594	3597	
m03bT_86pVU	1696	1696	1696	1696	1696	
yMWAUWGG3oU	2025	2026	2026	2026	2026	
ySnuLl44jhg	4483	4487	4489	4495	4507	
UoBnhV8ghCA	1061	1064	1066	1066	1066	
2Zm10fvxoVE	1819	1819	1819	1819	1819	
uRBU0D48SPQ	2692	2692	2692	2694	2694	
qSdt1jaUYLg	47967	48030	48083	48128	48204	
ORH4M_UdY6A	3247	3247	3247	3249	3249	
OuzPGmlcdZY	19452	19470	19481	19492	19519	
O62cgiERfWQ	3934	3934	3934	3934	3934	
nmEg7XRlayA	38609	38651	38687	38707	38776	
d1jZNv-ONXw	4627	4627	4627	4627	4627	
IhIYme-NY0k	1813	1813	1813	1813	1813	
hu8KlQ7_zCI	26590	26598	26603	26607	26626	
PyxU12zDH2g	341528	341545	341567	341578	341597	
_vNKJXcGG2E	2199	2199	2199	2199	2199	
U_WgQ5kWYlo	3997	3997	3997	3997	3997	
8fnxGA-ZedI	7476	7476	7478	7478	7478	
7nwYbBCH31I	8831	8833	8833	8837	8841	
TNSm1q9OO-A	9821	9824	9830	9833	9850	
nd54wt6yb8s	1959	1959	1959	1959	1959	
bKddangSPag	3021	3021	3021	3021	3021	
DFMxVZLSAO0	20587	20609	20619	20637	20670	
Z5UVi8Z3U1w	1628	1628	1628	1628	1628	
0-8q-lmisKo	3373	3373	3373	3373	3373	
RfWcU19NU2M	45969	45986	45989	45993	46003	
_HkBOELdZik	2198	2200	2202	2202	2202	
RlDZs-XByKY	1289	1289	1289	1294	1294	
IX8NH9BZyJA	3397	3400	3401	3401	3401	
tJRZWpl7W44	3890	3890	3897	3901	3904	
DqROnuKaziQ	10299	10299	10299	10299	10299	
hbkvevjr1N4	6319	6324	6334	6344	6365	
Dl7h2lnXyBw	3394	3394	3394	3394	3394	
Lk9YwQL6Jgw	1643	1643	1643	1643	1643	
ktCyCyuSsSg	1666	1666	1666	1666	1666	
JHxWIWc6KEM	18590	18594	18594	18596	18600	
lIB1iTaog7s	10655	10659	10662	10666	10677	
H04tRrp0EZI	1333	1333	1333	1333	1334	
rktAsitra1Q	18782	18818	18838	18858	18912	
uZ5yFrXyXYQ	7947	7947	7947	7947	7949	
FqG9e4R8v9Y	1366	1366	1366	1366	1366	
vffCWokSyzo	2624	2624	2624	2624	2624	
WJXB3WZYByc	6816	6822	6827	6833	6842	
aeumI-8He28	2114	2114	2114	2114	2114	
jIzytubnMvk	5351	5355	5369	5385	5403	
CzhMb8u-zzc	1327	1327	1327	1327	1327	
khDL2_U2he0	2233	2233	2233	2233	2235	
1JcJ5S7ZJeI	7723	7725	7734	7741	7758	
xu7JkDX6aEg	2251	2253	2253	2256	2258	
mL6arkaBWbI	2477	2477	2477	2479	2488	
zYnHmptM_qg	12757	12768	12768	12770	12783	
DmHEFL3Fcws	2203	2204	2204	2204	2206	
N47ao1LHXJM	3094	3101	3105	3107	3107	
FDGtzsv59lg	3216	3216	3216	3216	3216	
dlV544DFkOE	1571	1571	1571	1572	1572	
06DNFxq_04M	13244	13244	13244	13246	13248	
zJU_lMnzagA	1681	1681	1681	1681	1681	
xhpD021kEQI	2249	2249	2252	2252	2256	
5G9E5M75bTI	6688	6688	6688	6688	6688	
VGnuhn1STAU	14864	14864	14864	14864	14864	
LhkSeynZ7Qc	1432	1432	1434	1434	1434	
GdYXv-BqXL8	1808	1808	1808	1808	1808	
oDBGroUoFw8	7598	7598	7598	7598	7598	
b8XlgfocUFQ	1334	1334	1334	1334	1334	
NutfXSb7coQ	5143	5147	5147	5147	5147	
ccWZa8-8L5o	2560	2560	2560	2560	2560	
iBwlz8nHT68	45219	45223	45229	45233	45239	
zK-27-TSv58	8601	8601	8601	8601	8601	
OVV2AkwvGoI	16454	16463	16485	16498	16518	
vjSXSqC1a4g	2763	2763	2763	2763	2763	
MLFU3WtmWl4	2741	2741	2741	2743	2743	
RjT2tT4a0o0	85509	85537	85560	85586	85628	
Sq7rZogdQaQ	15643	15652	15664	15681	15710	
NJzVpou5cPQ	43217	43222	43222	43226	43234	
HCkLunY80_U	4160	4164	4164	4167	4181	
NvCXF44w3fs	2235	2235	2235	2235	2235	
F5zDEHggiMg	12695	12695	12698	12698	12698	
F9Pz3EHgOEE	1545	1545	1545	1545	1548	
Cnbt7Ifw2wQ	7175	7177	7177	7181	7184	
U0qm0RJ1xig	1677	1677	1677	1678	1678	
Hrk_qg-0cEA	30883	30883	30883	30883	30883	
Ycwvobc8dEU	2566	2569	2569	2569	2569	
WKnrNBa6A4k	2337	2337	2338	2338	2338	
MPLZtuW1CMc	3741	3741	3741	3741	3741	
NYYKO2KEYOo	1176	1176	1176	1176	1176	
3s8O39Hp_T8	4358	4358	4360	4362	4362	
EJnw8BEOPWE	146748	146873	146956	147031	147222	
_gA6OSGn8dU	3542	3542	3544	3549	3560	
zFf7PWTh75Y	1076	1076	1076	1076	1076	
n-hRHm4pkB0	1436	1436	1436	1439	1441	
C-qtCwkqdEM	29096	29133	29145	29159	29217	
ZDoFJrRHyoU	20450	20450	20450	20450	20453	
zslziPkEE5c	10563	10563	10563	10563	10563	
pwBsod9klxY	3115	3123	3127	3131	3143	
4jjsjzneFBo	3796	3798	3798	3801	3804	
tx1H2Laip88	3198	3200	3203	3205	3208	
P-9aVNPDCAM	28524	28538	28548	28556	28581	
ZkkUQ-vcRyI	5580	5582	5582	5582	5584	
5Dqicw6QhJI	13375	13389	13398	13405	13423	
xpgCf1VAfrs	2474	2474	2477	2480	2485	
CN8GPT9hd14	2005	2005	2005	2005	2005	
vZ2LWF-1Ocg	17002	17004	17004	17007	17010	
kiQY_8Sr1n4	3014	3014	3014	3014	3014	
-yporad8S-8	8599	8599	8601	8601	8603	
WBsgDpawVO8	1903	1903	1903	1903	1903	
AMqVR2GQTnY	7861	7868	7881	7889	7897	
lWxt8zsNEsc	3185	3187	3187	3187	3187	
PbbhL42WW-k	9635	9641	9644	9648	9652	
IU1nRAQqVts	10174	10174	10174	10174	10179	
swagQteWwFY	5737	5737	5737	5737	5737	
3G05b4JG904	2678	2678	2678	2678	2679	
ZCPiZnhQzAI	20358	20371	20376	20378	20395	
0vimOepLo1s	1526	1526	1526	1526	1526	
qmMMKPy9a9I	7788	7788	7788	7790	7790	
5ad6S9CnR0Y	29117	29148	29177	29204	29256	
8HMmWZBm3W4	5128	5128	5128	5128	5128	
K7jTjExZ43A	1275	1275	1275	1275	1275	
xNn7oGydBwc	2571	2574	2574	2574	2574	
UKsjDeJJZ6M	5760	5760	5760	5760	5764	
Af2W8YCj8L0	7543	7543	7543	7543	7543	
iR-KJNKWr5U	3098	3098	3098	3098	3098	
gJy7VToTVhQ	3609	3614	3614	3614	3618	
a1Uj-O0SvNI	1949	1949	1949	1949	1949	
2wtbOAkq_C0	2585	2587	2590	2592	2592	
MvmlS3qI7aA	1224	1224	1224	1224	1224	
hkCHcMAebkc	1432	1432	1432	1432	1432	
Yymoe5dFH7s	170688	170774	170824	170857	170952	
Um0LswfUxgg	7287	7287	7287	7289	7293	
1rYA8QvH5rs	3645	3645	3645	3645	3645	
n1b1BxcBZGY	1550	1550	1550	1552	1554	
pNVLaNd1hGM	155017	155028	155042	155051	155073	
0pZYOdmNq0s	21707	21707	21707	21707	21707	
LAAhLFIsa7I	147859	147995	148118	148234	148511	
skkNxVPqcUk	9538	9551	9567	9576	9597	
p3TrEF8OxtQ	1477	1477	1477	1477	1477	
Ww1KrJTWau4	8969	8971	8971	8971	8971	
aFhem9cXsSg	76999	77015	77030	77039	77067	
6j5ZsP0sC7s	1629	1629	1631	1632	1635	
BngLusuaz5o	2682	2682	2682	2684	2686	
eEMcp5cyOOI	1507	1507	1507	1507	1507	
2_frV66D5FQ	3075	3080	3080	3084	3087	
3Zwty7ld-6s	15584	15584	15584	15584	15584	
IC6V9-D9yXU	1592	1595	1595	1595	1595	
C1bl9GPRirs	73955	74083	74175	74245	74444	
5AjhpI80ZQk	2165	2165	2165	2165	2165	
IXnOwTxMMSU	13498	13498	13498	13504	13509	
RZgcP0wriI4	7435	7436	7440	7447	7462	
cbKaltX15Sk	11945	11945	11949	11949	11954	
87u5qAvOnXM	78756	78765	78768	78773	78776	
m6mTfuAD_hg	2226	2226	2226	2231	2231	
aCSUOeQEH-Y	3618	3620	3620	3620	3620	
Yth-kDm__lY	5842	5850	5850	5850	5856	
dLtREI1DwME	11307	11311	11313	11315	11329	
GFSNx1NxcPc	12835	12835	12835	12835	12836	
Icwh06SPCr8	5499	5499	5501	5505	5509	
dugbFOh3QZA	24129	24134	24137	24144	24152	
wknCVXzc2_4	3016	3018	3018	3018	3018	
W-NlRF6cRME	26132	26141	26152	26154	26170	
pyxPsgmgLUw	261825	262004	262121	262230	262477	
zovaUACjMoQ	42022	42031	42045	42053	42066	
6rrvr6Gyt0s	10247	10253	10275	10289	10320	
vWPnafM-Y5E	365963	365992	366024	366048	366096	
Df1x5g82WY8	2598	2598	2598	2598	2600	
Gg8gKBlyNrs	1761	1761	1761	1761	1761	
oK4nwwZHGqM	27357	27357	27359	27359	27363	
wpjqTKx3wpg	1286	1286	1286	1286	1286	
XQFWr9iDE0Y	5742	5742	5742	5742	5753	
UBUCRcHytGQ	2217	2217	2218	2218	2218	
UF32uBjXFpM	6822	6827	6830	6832	6834	
zekuPgHBIt0	40802	40811	40818	40822	40832	
uizIt5bOUfA	4419	4419	4419	4419	4419	
lAMNEfG3e4o	8420	8420	8420	8420	8420	
vpGWhNosONk	1323	1323	1323	1325	1325	
vESvY9-O5AU	14546	14546	14546	14546	14546	
2ZuobkniC9k	4470	4475	4478	4486	4493	
Kd3j_4-owgI	44809	44809	44811	44811	44814	
7KDa5J3W-wg	7597	7598	7598	7598	7598	
VeQJNZSCryk	2661	2663	2663	2663	2663	
q6VX18CO3Mw	2867	2867	2869	2871	2871	
CL2PZqsKYtE	1646	1646	1646	1647	1647	
8xoGRQq_J-s	2941	2943	2943	2945	2949	
R6jKVu42eJI	1028	1028	1028	1028	1028	
TykormdgQCU	58136	58139	58148	58158	58172	
LcFJQ6Let2M	1340	1340	1340	1340	1340	
zRLgBafwqVs	59615	59621	59627	59631	59642	
hRL6XavuXRo	2287	2289	2291	2291	2296	
T4JwAvkCW_g	1276	1276	1276	1276	1276	
54tEosgFc3g	1829	1829	1829	1829	1829	
V2H0WxVr3qs	1824	1824	1826	1826	1829	
s6RGgBIRRZU	5270	5275	5275	5275	5278	
5Cjrp23lBSM	81221035	81248488	81272554	81298640	81345450	
8n05VwmqdZU	2853	2853	2854	2854	2854	
hkxtvqPtd-w	2466	2468	2470	2473	2477	
GzpZNuMIAuY	1486	1486	1487	1487	1487	
dbhl2qgCsJo	2716	2716	2716	2718	2718	
8Uv4OcYHCa8	1967	1968	1968	1968	1971	
u0YqpQ_Twp8	1230	1230	1230	1230	1230	
41BZ8Cma-uE	4142	4142	4142	4144	4144	
xKP61wIQs-k	1681	1681	1685	1686	1689	
dxBis3g9AfI	4470	4474	4478	4481	4485	
f9TPtq1LP54	14392	14410	14426	14436	14471	
5KFFxOyMgwg	1773	1773	1773	1776	1776	
c0WYTimVCfw	8348	8353	8353	8359	8364	
x_W3TRH25-Y	1944	1947	1947	1947	1949	
czn_XEtQtUc	5939	5943	5943	5945	5945	
8rBhldkcRbw	2808	2811	2813	2813	2817	
k4eQDfn0sSw	5831	5831	5834	5834	5834	
cUFHLeUpQAY	2073	2073	2073	2073	2073	
Yj5Yw2ZKomY	3266	3266	3266	3267	3269	
y9Et_Uw2FI8	16022	16024	16024	16024	16026	
ei-GhGeGGDA	126189	126298	126381	126459	126651	
Ng4G9TrsHkE	118886	118905	118926	118941	118982	
ceaSZ5Z5B4w	7328	7328	7330	7333	7333	
kriymiPmmkc	1699	1699	1699	1700	1700	
G3Szo_Im5rs	12943	12953	12959	12965	12987	
JzJeaFFxO5E	5874	5881	5885	5889	5899	
Sf9V0yBYjpA	1835	1835	1835	1835	1835	
iuGQsVtt9Ak	3840	3840	3840	3840	3840	
Q7RwwpmqNq8	4259	4259	4259	4259	4260	
PZIH52C4dlE	9898	9907	9917	9927	9946	
8CvBkHMlYnI	1261	1261	1261	1261	1261	
uaOKGo0Ekwo	5824	5824	5824	5826	5826	
Rbp7mBXafGI	3513	3513	3513	3519	3522	
sdCLzrAH1GI	3749	3749	3749	3749	3753	
pvI174K7iR4	1544	1544	1544	1544	1544	
uplHG4nBwS8	2253	2253	2253	2253	2254	
j3jZcjPDu0Y	5633	5635	5635	5635	5639	
aoTxIX-d2zU	5738	5740	5740	5740	5740	
Z65uzlgIkY4	23353	23353	23355	23355	23358	
KLTel06Ugng	3736	3736	3736	3736	3736	
WwCi63eN1Sk	2932	2932	2932	2932	2932	
o6oPDTBqgEs	1966	1966	1966	1966	1966	
mrIETQzEZK0	8309	8319	8322	8332	8348	
3uustefczQ4	609844	610036	610174	610334	610692	
X0s0nPkir0o	1936	1936	1936	1936	1936	
2ewpNZc3iy0	45441	45444	45446	45448	45448	
kO6e0dU9PAc	2195	2195	2195	2195	2195	
5kjHOYbib2g	24509	24522	24553	24568	24614	
Bdb2e-ZDzG4	2879	2881	2881	2881	2881	
au85n47I-nk	3275	3275	3275	3275	3275	
yuCQ7ULDj5M	1814	1814	1814	1814	1814	
XkhOfEUEiTw	37711	37732	37743	37749	37772	
eA8yAeI0RSo	6099	6099	6099	6099	6099	
wF9WK-ua_s8	2043	2045	2045	2045	2051	
eKG80zUXTzE	12767	12767	12767	12767	12767	
mTUxBdSxO-w	4334	4334	4337	4337	4337	
Ho2Kyw4WJZg	6973	6973	6975	6977	6977	
CKQwQbOQlBU	12000	12004	12005	12009	12015	
GxrR7nGeZd4	1137	1137	1137	1137	1137	
YZCoX9tsT1E	12556	12560	12564	12566	12579	
Dpkkt94c2Ks	23857	23877	23885	23892	23903	
OI0AdeD1xpU	1695	1695	1695	1695	1695	
dKI7kbMlNpg	12115	12140	12158	12175	12219	
S8xsxM6A748	12979	12982	12982	12986	12992	
4pvFKjeVo0k	10060	10060	10062	10062	10062	
f2CMxHPi9j0	145804	145883	145963	146033	146165	
tpjiShVUGTU	2861	2861	2861	2861	2861	
WEFbKcoD7mQ	4111	4111	4117	4122	4130	
q_AyKCVa_SY	6393	6396	6396	6396	6398	
KS_TFgdh_8A	60917	60929	60943	60955	60984	
x8t_CFhN7Gw	82690	82753	82796	82842	82941	
IMW5R72Afd4	2610	2612	2616	2616	2620	
2RDsUH5qajQ	103545	103725	103888	104076	104534	
tDPTQlNknvU	402569	402623	402646	402663	402745	
zdlj5avRMjk	1448	1448	1448	1448	1448	
OU5B8bEIX5c	6032	6032	6032	6033	6033	
_O2kT_Kl6Yc	14020	14024	14027	14033	14055	
SHKQt8qtado	1278	1278	1278	1278	1278	
6JuqdrELVHY	11969	11969	11969	11969	11969	
S9bA-DqJ43s	22742	22742	22745	22748	22750	
QCy9OGSXdBE	5441	5446	5446	5446	5446	
Vshp6SCnZGI	1732	1732	1732	1732	1732	
oxw6uK-T0LM	4096	4099	4099	4099	4102	
35lyUovr5Jg	65309	65325	65344	65359	65379	
rUv6vCF1RcA	4877	4877	4880	4882	4886	
qIc1voTolN4	3074	3074	3074	3074	3076	
5ilcC3RvYhs	1066	1066	1066	1066	1066	
4OZu4boegHM	1586	1586	1588	1588	1588	
cDJkMcnqrk8	1304	1304	1304	1304	1304	
yxNCkWc1l6g	4615	4615	4615	4615	4615	
DL2AIuqDZlc	3218	3218	3218	3218	3218	
rc9DCxkwoAM	1784	1784	1784	1784	1784	
XIACOcvRvIE	4083	4086	4087	4087	4089	
AHAcS4Ts3zA	4114	4116	4120	4120	4125	
FyYkWzjwb9Q	1266	1266	1266	1266	1266	
W6RV9pHvecg	1368	1368	1368	1368	1368	
oAcxW9i8Pko	3796	3798	3801	3801	3804	
V88_wBpMvQI	27153	27189	27218	27264	27317	
4LxmU0-zttQ	1799	1799	1799	1799	1799	
pqrjhad5nHg	2614	2614	2614	2614	2614	
azB1x9SSSzc	1308	1308	1309	1309	1309	
o9ObwtpeAGU	34605	34611	34614	34618	34633	
M4svkczfmYo	5128	5132	5136	5140	5145	
t9LhC76GPRY	3308	3308	3308	3308	3308	
ODkLRmmyz8Y	1696	1697	1699	1699	1699	
wtr--EJKAZE	10400	10408	10415	10426	10448	
F279xu0J6dE	1493	1493	1493	1493	1493	
oEIBXlgAt3k	40868	40887	40899	40917	40973	
2wrA3a9i0F0	3263	3263	3263	3266	3266	
DZyIlJrYdog	1280	1283	1283	1283	1283	
0thWOx9NCGw	4955	4955	4955	4955	4955	
c4zIZW2C0Zc	2868	2868	2868	2868	2868	
ugJjRqzHg7w	1686	1686	1686	1686	1686	
bkoEYF6O4iY	11261	11267	11267	11270	11274	
vEYyFxa3gHM	8530	8541	8547	8554	8576	
oQdd-vkWVCA	1474	1474	1474	1474	1474	
OC5Kgs_XFg8	2533	2533	2533	2533	2533	
g66yzELP07c	2554	2556	2556	2556	2556	
byJQo9WmPqY	8079	8081	8081	8086	8093	
Ryscqg32P4E	6497	6498	6503	6507	6519	
gyDHls6pB7M	7498	7501	7503	7507	7507	
og5qNyeq5XE	2782	2784	2784	2786	2788	
aloW_OIUVbE	3214	3216	3216	3216	3216	
cpoAbZo5Obs	1753	1753	1753	1755	1760	
dYeCIn5vd6s	2604	2604	2606	2606	2606	
WOqU17NMizE	2983	2983	2983	2985	2987	
cYpl7CNvrro	14724	14726	14726	14726	14726	
I-5Ro3vgexQ	1427	1427	1429	1429	1429	
Nv2AmKI7ccI	2112	2112	2112	2112	2112	
BW9JCbuiY9Y	70227	70309	70350	70403	70532	
qyLNha5onKs	1217	1217	1217	1217	1219	
20-aWFsYgpI	1836	1836	1836	1838	1840	
rinbCwQ5PWU	85440	85452	85465	85476	85499	
t_M2b-9ffUg	2486	2491	2492	2492	2498	
WPMns21vezs	6279	6279	6279	6280	6280	
gz3sRPuVGKE	20199	20199	20199	20199	20201	
Rx02wmrGdHk	16616	16619	16622	16622	16626	
xRtUFjirl1g	1733	1734	1734	1734	1734	
8_Z-PKIejII	5527	5527	5527	5527	5527	
BMW0BrdUMR4	2331	2331	2331	2331	2331	
p1r4D2n50Xo	9163	9169	9170	9182	9198	
rDeo5zPaPSo	14724	14729	14734	14737	14751	
vhlwtHA6MSg	176195	176207	176218	176224	176231	
QNtgLx8_-cc	2141	2141	2141	2141	2141	
ttLq-VfTl6w	269596	269741	269930	270134	270574	
7wCJl9hGVRQ	8495	8495	8495	8495	8495	
VWxQAvMrwak	3459	3462	3465	3466	3476	
7iioz7F0jHY	2900	2900	2900	2900	2900	
BI0ry8hWD7c	1631	1631	1631	1631	1631	
QgGlwApTFU4	2640	2640	2640	2640	2640	
ZbV0AfX0u2E	1804	1804	1804	1804	1806	
YRMOQjK-OYI	1554	1554	1554	1554	1554	
4akLIMUin24	4775	4775	4779	4781	4788	
Sk2kJqV5XKw	2231	2231	2231	2231	2235	
202nuA8ZAUQ	29807	29807	29807	29807	29807	
v-6QgfUz5u4	2252	2252	2252	2252	2254	
7cGFVidqNnY	3057	3059	3060	3060	3063	
4iEMPL-CsJc	4232	4232	4232	4232	4232	
kjmYvkrxBOI	1225	1225	1225	1225	1225	
IqwPeDwDicU	14166	14176	14176	14182	14189	
ABTIC0zyJJo	1388	1388	1388	1388	1388	
anX3Vp7ArQE	4891	4893	4899	4900	4906	
flYU_xfn9tY	113048	113064	113077	113092	113122	
_f46Xw444YE	2010	2010	2012	2012	2012	
xUUWDmJAhdk	1336	1336	1336	1336	1336	
HbV3IMCI1-k	8891	8891	8893	8893	8893	
fsfEzhiN8a4	31261	31333	31383	31452	31589	
iywVtT8gQCk	22125	22133	22138	22138	22140	
L4MrybtSiVQ	3199	3199	3200	3200	3200	
-QAdDcx7zAo	3401	3401	3404	3405	3407	
RBm2IxwYgRE	1907	1909	1909	1909	1909	
tFT2SilIMc4	21644	21644	21644	21646	21648	
7zkIsv5sSR4	7542	7560	7569	7578	7605	
zgmR67mJuLM	54580	54595	54608	54620	54649	
6JknlZ_n7Kw	1693	1693	1693	1693	1693	
tzRIyeaDDxM	5861	5861	5861	5863	5867	
QvA_VO_z7Ak	8512	8521	8533	8537	8560	
d1PosFSQTmA	2075	2075	2075	2075	2075	
NOP1XGNQlFo	1535	1535	1535	1537	1537	
mbt5GJPWcSM	1650	1651	1651	1651	1651	
hVrlPKE6EOw	7294	7294	7295	7295	7295	
tU9uF48uqaM	3484	3489	3489	3489	3489	
CVdVlsmst40	5983	5983	5983	5983	5983	
FGtfT5NsGY0	951019	951090	951140	951196	951310	
K2sHLIHDKEE	3672	3675	3675	3675	3675	
3uc6s8e6b2g	698397	698461	698481	698522	698606	
cu8bcKRMgtg	2961	2961	2963	2966	2969	
qmfh0EzHNKA	1658	1661	1661	1661	1661	
i3bPjEbenew	209236	209239	209241	209241	209243	
NOZK6bdSBwU	3015	3015	3015	3015	3015	
f2xxRAyEZ88	12144	12148	12152	12156	12172	
E5fsM74OoeU	3637	3637	3637	3637	3638	
pY3gpx0y1Fk	1773	1775	1775	1775	1777	
puZPuYeRfj0	1131	1131	1131	1131	1131	
_yD0ctkacRU	1431	1431	1431	1431	1431	
maHdg7uGcB0	1609	1609	1609	1610	1610	
rn4iS2nf08k	9799	9804	9804	9804	9808	
P5uRB1F5sxg	3006	3006	3006	3006	3006	
RX6xOX5aVs0	13239	13239	13239	13239	13239	
pXCUvxIBJgk	1761	1763	1763	1763	1763	
Y6v2TIR3PTg	101434	101464	101495	101529	101614	
RJytowvT01U	1618	1620	1620	1620	1620	
6X_oS6C-V9Y	2259	2259	2263	2263	2263	
JFtIE21dELM	158287	158381	158440	158523	158667	
R6RhAb0EPmc	1900	1902	1902	1904	1904	
BGszfCh6woU	58264	58266	58266	58266	58268	
CubHfI2Tugk	16717	16721	16724	16725	16732	
O6d7oZzShVU	1615	1615	1615	1615	1615	
TgAwaBmIi4E	1411	1414	1414	1414	1414	
spDgdM3CGr4	1700	1700	1700	1703	1703	
Jz2uQ_kvZRM	1407	1407	1407	1407	1407	
aZFGYv-5AcI	4918	4922	4922	4925	4929	
-lXlj-UWYcA	10551	10553	10553	10553	10553	
xrAmW4uC6Ig	5870	5870	5870	5870	5872	
1XgXf39E5RQ	23355	23363	23367	23377	23400	
qWrGcKbPN4I	4798	4798	4798	4799	4799	
ELp2f-9Hl6w	47579	47587	47594	47599	47606	
c9lPGfOjQZg	15502	15505	15505	15505	15507	
WXDAWh6Y9hY	7704	7704	7704	7704	7704	
cm2ATbvTKS8	93017	93081	93132	93204	93349	
-1vnMOhaArA	5249	5249	5249	5249	5249	
WOAIdsHZXnU	2034	2039	2040	2040	2040	
FVTiHuAfRKg	1861	1861	1861	1861	1861	
vlIOyb3-MV0	11641	11654	11659	11668	11684	
7U71VzujMBU	5597	5607	5617	5626	5638	
D3NzCEvAX44	29491	29491	29491	29491	29493	
pIuMzOk6qNI	1682	1682	1682	1682	1682	
9ANvlGMrBiI	1310	1310	1310	1310	1310	
fF5k5I4oE_4	31894	31898	31901	31906	31919	
r3WEI_VJUjE	4101	4101	4101	4103	4103	
e_Zj8CiWOug	1218	1218	1218	1218	1218	
vD4_4QLz7Cg	22932	22979	23002	23025	23096	
p-AISLtPDas	7308	7313	7319	7321	7324	
5Y6aBOIKbUI	2194	2195	2195	2195	2195	
wj480-6FMPM	5087	5087	5089	5089	5094	
8mcgIMjqjpk	4839	4841	4848	4850	4854	
Sxtqc3YuSVA	7224	7224	7226	7226	7230	
8s5HqpR3cv0	13306	13308	13311	13314	13322	
TdhtgN_KgK0	61471	61479	61487	61489	61495	
avU2qPaozRA	1212	1212	1212	1212	1212	
X1ZItHW6Gdo	3904	3904	3904	3904	3904	
-g99biy4H7E	2173	2173	2173	2173	2173	
lZVLxok9adA	6084	6089	6093	6094	6094	
Q04DWKzQTAA	2434	2434	2436	2441	2446	
30V3XL49q4k	9477	9477	9477	9477	9477	
chTqNXCdKW8	1300	1300	1300	1300	1300	
tlPYbDZlsOc	8599	8599	8599	8601	8603	
vO9yPlQZgf8	11051	11054	11061	11066	11082	
C-zM6LHEtps	1153	1153	1153	1153	1153	
EmenDXsg3Yw	37642	37657	37680	37703	37728	
0X6FleMRiuY	58485	58485	58487	58487	58497	
sOx7Z4aHYys	5644	5646	5646	5648	5648	
ZWXBWVGtyss	3361	3361	3361	3361	3361	
ky8tjd7SJhQ	18344	18362	18378	18421	18480	
wIv5XF90WE4	6085	6085	6087	6087	6087	
_WDqh2RDBiE	2377	2377	2377	2377	2377	
XDAwIYT3Sl4	19329	19339	19347	19375	19429	
G-7K4a82bZA	39821	39824	39824	39824	39837	
1VyoitE17Wc	171083	171177	171217	171279	171408	
PT97NCS_-SQ	5593	5596	5604	5607	5612	
qNL8jVQj0rY	4014	4015	4015	4015	4019	
MwAd1Ho6lVQ	361192	361225	361248	361265	361320	
wqMsNH35w0M	81462	81549	81617	81692	81824	
H6fOEft0yD4	8557	8561	8564	8566	8575	
ccMaXTjRuoQ	1838	1838	1838	1838	1838	
LfuFwX40_ns	3653	3653	3653	3653	3653	
NLOS7X0XSXw	3145	3148	3148	3156	3156	
53Wy19fUl0E	1822	1824	1827	1829	1834	
NIotW061W-0	1197	1197	1197	1197	1197	
M4KANwpQeRU	3771	3771	3774	3775	3778	
c6vN1zKGDAY	4721	4722	4722	4726	4731	
w9ccQ0dOvsY	8678	8683	8697	8706	8724	
9QJIU12kP4A	4622	4622	4623	4623	4626	
uPhw72DR9jM	1192	1192	1192	1192	1192	
Myfu7k6iIs8	1805	1805	1805	1805	1805	
IJsnY2C74vs	2188	2188	2188	2188	2188	
XNM-3PQnggA	8890	8894	8897	8905	8915	
w2mGMqvKA9k	2266	2266	2266	2266	2266	
tj_CIdjyBNg	47616	47623	47625	47628	47649	
LLgPj1Hn8uA	2219	2219	2219	2219	2220	
JlIFjvhKaMs	2193	2194	2194	2194	2196	
u8AklHMOG5I	4966	4966	4968	4968	4968	
0qcP9uBmjF4	1895	1895	1895	1895	1895	
Nqe_GFtIj90	2206	2206	2208	2212	2216	
euCVlKrgN1M	7305	7321	7341	7349	7366	
K6Qg-0zraZY	166740	166755	166774	166794	166823	
KwHR6x5z0Os	2275	2275	2275	2275	2276	
LqB1_5oU0HU	19202	19208	19209	19216	19223	
1IMczyNvyus	26895	26895	26895	26895	26895	
yDHx4euwW28	11590	11590	11593	11596	11596	
sXF3u032kYU	1757	1757	1757	1757	1757	
1g6xnFdkG8w	16279	16285	16301	16318	16342	
QiHK3gUU6Mg	15377	15377	15380	15380	15380	
pgrJKkcgsIE	30365	30365	30365	30366	30366	
goX9MHwUOKM	2450	2450	2450	2450	2450	
4C40CxqKgOk	1389	1389	1390	1390	1390	
p0LoW0bZSPc	8689	8691	8693	8693	8693	
fL-jO0SSZk0	1665	1665	1665	1665	1665	
Vjq87MP5zN8	2404	2404	2404	2404	2404	
yfRq1oxwMCw	3125	3134	3138	3139	3144	
GimSWEldY50	26403	26403	26405	26412	26417	
1qj-W8i63fI	14075	14078	14081	14082	14087	
X9hkrjk0Zwc	21353	21368	21380	21395	21426	
CF_kYRwT7ag	181191	181191	181191	181191	181191	
6_wtAFS4mkk	1056	1056	1056	1056	1056	
5CMB4gquJow	12680	12680	12684	12687	12691	
Bd4k3arRRu4	7052	7055	7055	7061	7068	
vst55OXB9fo	10994	11015	11038	11056	11100	
MAA245Rlq2s	20261	20271	20273	20280	20300	
2Os7-HyO1aU	1691	1691	1691	1691	1691	
aVP8_Yt_q1o	5587	5587	5591	5592	5598	
u4zcpROlLNk	1728	1728	1728	1728	1728	
lJ-BQTyqT4g	2564	2564	2564	2564	2568	
uR8iiceZrN4	1753	1753	1753	1753	1753	
nfieU6Ua2q4	2557	2557	2561	2562	2564	
dvblw-xqJWs	4818	4820	4827	4827	4831	
BFTvuwBBApA	1201	1201	1201	1201	1201	
H0CL4GA81VE	3676	3676	3676	3676	3676	
twAzTmYgHEg	82085	82085	82086	82086	82086	
rtSpff1QMQY	3095	3097	3099	3099	3099	
tkOMFLYu_HM	46314	46350	46399	46436	46533	
jK3cOu69K74	68749	68822	68877	68959	69141	
_IYrI2upryM	1447	1447	1447	1447	1447	
sxwsGjLB57g	9951	9951	9951	9954	9954	
Vd5SpoWZ7ZE	2601	2601	2601	2601	2601	
x_tkuAEqHpg	295435	295562	295645	295714	295882	
6fqiuXjQBo4	8974	8974	8974	8974	8974	
tgqrkQSu0HM	32236	32264	32289	32325	32383	
jgKiQ9_iz1Q	41206	41212	41224	41236	41250	
kMctBLQFcBc	4450	4450	4450	4452	4452	
cOT95RlDLJk	5087	5087	5089	5091	5091	
IfpvULnc2js	5720	5726	5730	5734	5765	
cLSGce7GpoY	3071	3083	3090	3093	3100	
C2qeop968vo	2960	2960	2962	2964	2964	
4CczS4993Q0	18355	18368	18385	18401	18428	
LkPtZfUFe2A	1858	1858	1858	1858	1858	
1-F-QGfHaWo	6307	6313	6321	6323	6327	
sWg0ebSp7I0	30611	30613	30627	30637	30645	
P-w-_T87IHs	2013	2013	2013	2013	2013	
jQtrxwm5vMw	2168	2170	2173	2177	2177	
dbY7R_rcE1c	23276	23276	23276	23276	23282	
-rhMs-KgDJQ	1780	1780	1780	1780	1780	
Nm939DKZkwg	9415	9417	9417	9417	9417	
WiBnrz04dM4	2752	2756	2759	2761	2772	
8w2M87Q4E_0	1831	1831	1831	1831	1831	
iNZopaT6wVs	4668	4670	4670	4672	4674	
de6ehJfJugE	8418	8418	8422	8426	8430	
aSLdXiJH9y0	2539	2539	2539	2539	2539	
TubiegDHhX8	1556	1556	1556	1556	1556	
b4ieqnYClmM	133512	133710	134086	134385	134925	
3s3l6qNQBQM	2858	2858	2859	2859	2859	
vqciyCZ3FMk	1433	1433	1435	1435	1435	
6Ty4Be_Stpk	15711	15713	15713	15715	15715	
URTqVG9HtC4	3520	3520	3520	3520	3522	
n69ZGOSeoes	15468	15471	15477	15480	15486	
Fk6AE7brqn4	9173	9177	9177	9180	9187	
JFB4fxikCl0	5641	5641	5641	5643	5643	
LCz8MhCoa8c	1084	1084	1084	1084	1084	
3bgFe8_xAn4	1890	1894	1894	1896	1898	
w75VHo5wUZU	3544	3544	3544	3544	3544	
Ug6Dz8okhDE	39890	39892	39892	39892	39892	
EAjKxA3QymE	9286	9286	9289	9289	9293	
n33RPvpp5_4	8391	8391	8391	8391	8393	
dMy5_S7kKc4	5803	5805	5805	5805	5805	
eFHzXbzQzyI	5373	5375	5375	5375	5375	
sSOo6gAOOBQ	1485	1485	1485	1485	1485	
CcjKhp4WiW8	1400	1400	1400	1400	1400	
JTiyBJVAAMI	4855	4859	4861	4861	4863	
0EjtCc8I0aM	5406	5406	5406	5406	5406	
orwAwSmAabA	1150	1150	1150	1150	1150	
KenmgNELyi8	2658	2658	2658	2658	2658	
ZtMUb32z6gQ	1415	1418	1418	1418	1418	
-waX9ob6WyY	8417	8417	8417	8417	8417	
uMGBMvciadw	4511	4511	4511	4511	4513	
LxyITys3BXQ	17863	17866	17869	17872	17884	
b_vcuiIzT-4	1689	1689	1689	1689	1689	
VcQzoViOkGw	1610	1610	1610	1610	1610	
twionY7qbUg	7189	7189	7189	7189	7192	
V8kIt5hjdOs	82224	82254	82277	82295	82346	
NYA2_E6Tsuk	61874	61874	61874	61874	61874	
yhE88fk0SKQ	1212	1212	1212	1212	1212	
aqV5TGOANEI	2061	2064	2064	2064	2064	
SOmeRJWlk5o	690842	690870	690895	690932	690987	
V0K9MRtxy3g	1183	1183	1183	1183	1183	
j2KYhZTN-gA	3045	3047	3047	3047	3047	
FRqWccM9J-Q	33908	33908	33908	33908	33908	
lBJbm_NkOO0	5530	5534	5534	5534	5543	
fVSrX1L_RkE	2539	2541	2541	2541	2541	
8tS5BsLC0TU	7092	7092	7096	7096	7096	
ueDUEbEhhGc	31502	31543	31559	31612	31663	
2q6jETo23gE	5910	5919	5919	5919	5933	
NQk3yv_q10I	4072	4081	4084	4091	4091	
-FCquTrk338	28662	28662	28666	28668	28668	
mfp9KQW9jto	1213	1213	1213	1213	1213	
YM-nyMejIEM	6251	6251	6251	6251	6251	
FZNJW23Te_4	1042	1042	1042	1042	1042	
aJGB1gkqy_c	1658	1658	1658	1658	1658	
b97fVBQzaYw	3083	3083	3085	3085	3085	
Q4wAwRwWRFo	12133	12137	12141	12141	12152	
3-qpyKiTCrE	39234	39257	39291	39327	39399	
pwqzXx1DWAc	15777	15777	15777	15783	15783	
lv14REvqCxY	14053	14076	14098	14112	14156	
_GBwo9MqVuc	36478	36481	36484	36491	36503	
cDbskUfRTYM	14252	14258	14263	14267	14267	
ZEubJy4kLRA	3868	3870	3870	3876	3883	
YUE2PKD9lbk	3109	3112	3112	3112	3114	
eQjBzJXQRtQ	1488	1488	1488	1488	1488	
NqCpdo34keA	2800	2800	2802	2802	2802	
m2REx59H_E0	8657	8663	8679	8682	8691	
uxpjyekgBuw	29568	29588	29600	29614	29632	
mRH8t5_jcV8	6041	6041	6041	6041	6041	
owV-dDVh_LE	49117	49120	49122	49122	49127	
5xMZpJnVDfw	1243	1243	1243	1243	1243	
25we5Dr6hEw	3874	3886	3893	3894	3901	
OJd_k_z_h3k	4995	4997	4997	4999	5001	
3XCJr5lnnz8	77982	78007	78034	78065	78117	
pq_taCqbvQA	2492	2494	2494	2494	2494	
nXBE4B-fgas	3683	3683	3683	3683	3683	
uv05tx-hy6A	282772	282775	282780	282786	282790	
UOjfCLUmyEY	33909	33912	33912	33921	33927	
CocJrviiowM	2094	2094	2096	2096	2096	
kCzZNv1k_n4	5156	5158	5158	5158	5158	
7YMcuEB9VYQ	1080200	1080602	1080970	1081415	1082209	
4H0eUkDt-fg	1859	1859	1860	1860	1860	
QtPee5CfuG8	162017	162123	162236	162347	162563	
P5iRYNmVUhE	1952	1952	1955	1955	1957	
piMjYVwwBbs	1773	1773	1773	1773	1773	
w8HQrxsB6dQ	64080	64141	64224	64266	64372	
j-kGlRVO_sg	1118	1118	1118	1118	1118	
U_arLw3I2QI	66769	66769	66771	66775	66781	
Xv4fjTqWEyA	1828	1828	1828	1828	1828	
lO-VDQ-WZkA	11174	11174	11174	11174	11174	
f2WG1yxJz5w	5894	5894	5896	5896	5896	
7DSqlHa82tU	1744	1746	1746	1746	1749	
1rIfp_pv3KU	130776	130791	130796	130802	130824	
9AQ3iBTX7bI	6488	6490	6492	6492	6496	
HlemfUUTTzY	1328	1328	1328	1328	1328	
Wl4WgskDDzI	2768	2768	2768	2768	2768	
_bY3euwccvU	3478	3478	3478	3478	3478	
CxU3x_q42eI	11643	11643	11643	11646	11646	
fqZGAZCnSJc	2452	2452	2452	2452	2452	
5-Vn1h1Dcqs	2469	2469	2471	2471	2471	
JlHT_FH0fKA	4654	4654	4654	4654	4654	
6bE0LN58rlg	19736	19736	19738	19738	19738	
W2Kc4MUGfKY	1329	1329	1329	1329	1329	
4Vn3FyIhQno	19007	19007	19007	19007	19015	
l2VaYaThWmI	12594	12601	12608	12620	12651	
cVJyeO266O0	6201	6202	6202	6202	6210	
U_0ACoQ-tLQ	8647	8647	8647	8649	8649	
LNRykAX6ReM	4590	4590	4590	4590	4590	
H0CtGO6zmms	5850	5850	5850	5850	5852	
sydG-X6EgZg	1609	1609	1609	1609	1610	
TWdSGg80xCs	2040	2040	2040	2040	2040	
4HEeG_YzFcI	3809	3809	3811	3811	3811	
-SvR_QcJJjs	2792	2792	2797	2797	2806	
EqFQjwvxnyM	1688	1689	1689	1689	1689	
B8VO2I4io6o	6494	6496	6496	6496	6498	
b4N4kp4cJx0	1326	1326	1326	1328	1330	
4GzZA3ZL1eo	3333	3335	3335	3337	3337	
z4oslAryVdg	35141	35141	35146	35146	35150	
Y6M8welqbQU	5732	5732	5732	5732	5732	
R9JXXqHEPp8	30662	30662	30662	30663	30663	
ENqBWZ9x0sM	2807	2807	2807	2809	2812	
xgBIa_bcowE	1563	1563	1563	1563	1563	
JDb0evDYQiQ	10797	10805	10812	10821	10849	
FGrjRgL2ZPE	1550	1550	1550	1550	1550	
Ey0im9nmR5w	4145	4148	4150	4153	4161	
dI-2P4NeQRI	34257	34265	34275	34277	34281	
nFbOYUlzYXk	6912	6912	6912	6912	6912	
kH8GiEC4lVE	4034	4034	4034	4034	4034	
jdHRAzNW-yU	27309	27324	27339	27345	27375	
FfICYHVvFOI	4544	4547	4547	4549	4558	
flYB6eqdT8U	1665	1669	1669	1669	1671	
3iVw8v7exYI	1323	1323	1323	1323	1323	
5gzf3jP8KE0	2465	2465	2465	2465	2465	
1xLU8hZH0GA	1218	1218	1218	1218	1218	
ui6HEpLGkIg	5672	5672	5672	5672	5678	
jQper4Ht8k8	1244	1244	1244	1246	1246	
LrlvNMSLeGk	7133	7142	7143	7150	7171	
MeDgavqK50E	5742	5742	5742	5742	5742	
oJYVu-1mAiI	1367	1367	1367	1367	1367	
PBHHFAk4wXU	2664	2666	2666	2666	2668	
EJMO4tBapSc	200016	200021	200025	200026	200035	
drTGZgwg3EA	1201	1201	1201	1203	1203	
aRchu50McI4	1514	1514	1514	1515	1515	
IWep_JvkDbI	5016	5019	5021	5023	5023	
oeuHBMr25tM	2958	2959	2959	2959	2959	
rElarA3iZ9c	2498	2499	2499	2499	2499	
RIdk9rmoMQs	213556	213581	213602	213628	213666	
L8H_eae4_AE	2184	2184	2184	2186	2186	
5tJAjScsz8U	24352	24362	24367	24369	24378	
ysoZKWPUhHg	2150	2150	2150	2150	2150	
Xoti2aNPSJQ	4219	4222	4225	4229	4243	
VIjdKP6mPQk	12435	12437	12439	12439	12447	
gQF39CYG1z8	4736	4736	4736	4736	4736	
YCbMlMkY8dQ	1129	1129	1129	1129	1129	
OQm4bEl4I_s	3489	3489	3489	3489	3489	
bCtKH6XbCJE	4935	4935	4935	4937	4937	
B2DPHumeMp8	2473	2475	2475	2475	2479	
VIrKRaT3nUY	1594	1594	1597	1597	1597	
cI7wgSqID8A	1634	1634	1634	1634	1634	
cqV70_hF10s	5036	5036	5036	5036	5036	
UByAxaOOCPk	22210	22210	22210	22212	22212	
G--Vd413v5E	2186	2188	2188	2188	2188	
ZGyYNxtxqdk	36702	36702	36705	36705	36705	
4pO__U9TmiQ	7558	7562	7562	7569	7571	
FjJ0RFWgXMY	2770	2772	2772	2772	2772	
hMHc2PQcogs	1893	1893	1893	1893	1893	
kZi5JmD9Bhg	109462	109548	109620	109723	109948	
OsWBs0Bu1Ag	19631	19642	19653	19672	19703	
ZzV1uOryGKo	1842	1842	1842	1842	1842	
fX0Yd1Y7f4M	2086	2086	2086	2086	2086	
gGirtmJYJYE	8438	8438	8438	8438	8439	
rQ197r8gSuk	9998	9998	10000	10001	10008	
VekwpvEkIyQ	13751	13751	13754	13758	13763	
YVV1-imXmVw	1440	1440	1440	1441	1441	
K7lufA0MY7w	23988	24000	24015	24034	24055	
e2oPZiSlgyc	2369	2369	2370	2370	2370	
5LPXcLc0ALM	3677	3680	3681	3681	3684	
Zt3EKfEhNow	6495	6497	6497	6499	6499	
ObUak2NCH1c	2929	2929	2931	2931	2931	
AFedNmVfU7A	7699	7700	7700	7700	7700	
t-GpItt9BzU	112256	112266	112277	112288	112311	
umRCLdpASmE	1923	1923	1923	1923	1923	
NR4ZK5JO-7M	2214	2214	2214	2214	2214	
Y8FsJFrxtE4	3635	3635	3639	3639	3639	
0YE7JeO9170	41247	41247	41248	41248	41248	
ppCoJ4qbU8Q	1663	1663	1663	1663	1663	
Uf1VeNUxRqM	16915	16922	16927	16931	16946	
UVoK0mHXfqQ	7548	7548	7552	7552	7557	
W0hkff4Y3UQ	5015	5017	5017	5019	5021	
tj-dhYcpfeU	1439	1442	1442	1442	1442	
HBgtyogZFnk	2177	2177	2177	2177	2177	
YYbNcFQG9pw	2608	2608	2608	2613	2613	
