1	0.01358695652173913	0.0009057971014492754	0.0018115942028985507
2	0.875	0.0	0.125
3	0.016778523489932886	0.0	0.0
4	0.18181818181818182	0.0	0.36363636363636365
5	1.0853285289457119e-05	0.0	0.0
6	0.005509641873278237	0.0	0.0
7	0.0021003212255992095	0.00024709661477637757	0.00012354830738818879
8	0.026532479414455627	0.0027447392497712718	0.0036596523330283625
9	0.006146341463414634	0.0007804878048780488	0.0006829268292682926
10	0.01207966046359778	0.0009794319294809011	0.0004897159647404506
11	0.054701905347264906	0.006760909649661954	0.007375537799631223
12	0.01288265306122449	0.0005102040816326531	0.0007653061224489796
13	0.02725793327908869	0.0016273393002441008	0.0040683482506102524
14	0.033707865168539325	0.004044943820224719	0.004044943820224719
15	0.02956604673342871	0.003099666189794945	0.001430615164520744
16	0.002485847895643613	0.00039379768643859215	0.00014767413241447206
17	0.0027480474399768588	0.000506219265258895	0.0001446340757882557
18	0.019723418725912493	0.001813647698934482	0.001813647698934482
19	0.05820721769499418	0.004656577415599534	0.011641443538998836
20	0.03698435277382646	0.001422475106685633	0.011379800853485065
21	0.19909502262443438	0.02262443438914027	0.027149321266968326
22	0.002074306259795335	0.0	0.00013828708398635567
23	0.7894736842105263	0.0	0.0
24	0.5857142857142857	0.014285714285714285	0.014285714285714285
