55704510	719683570168516608	1	0	249	1	19	1	1
55704510	719683451520098304	1	0	249	1	19	0	0
55704510	717362175442948096	0	0	160	1	09	1	1
55704510	717362076046372864	0	0	145	1	09	0	0
55704510	716991458956300288	0	0	36	1	09	1	1
55704510	716991381265211392	0	0	36	1	09	0	0
55704510	715647482760265728	0	4	83	1	16	1	1
55704510	715647470559109122	0	4	94	1	16	0	0
55704510	714491831262666752	0	0	271	1	11	1	1
55704510	714491673296838656	0	0	126	1	11	0	0
55704510	713103950988193792	0	0	181	1	15	1	1
55704510	713103728761417728	0	0	181	1	15	0	0
55704510	711895311304757248	0	0	77	1	07	0	0
55704510	711230389373706240	0	6	97	0	11	1	1
55704510	711230341436997632	0	6	124	0	11	0	0
55704510	710926666160148480	0	0	139	1	15	1	1
55704510	710926652063088640	0	0	126	1	15	0	0
55704510	710564214641807360	0	5	395	1	15	3	3
55704510	710564101605294080	0	5	395	1	15	2	2
55704510	710562545736622080	0	0	140	1	15	1	1
55704510	710562262356856832	0	0	122	1	15	0	0
55704510	710474216831918080	0	0	68	1	09	0	0
55704510	710348843364188160	0	0	220	1	01	1	1
55704510	710348764867743748	0	0	123	1	01	0	0
55704510	710287239381536769	0	0	62	1	21	1	1
55704510	710287178622849024	0	0	62	1	21	0	0
55704510	710243689193349120	0	0	260	1	18	1	1
55704510	710243608150937600	0	0	283	1	18	0	0
55704510	710140538612162560	0	0	56	1	11	1	1
55704510	710140201255874560	0	0	43	1	11	0	0
55704510	710074706448109568	0	0	269	1	07	1	1
55704510	710074593277423618	0	0	269	1	07	0	0
55704510	709140173473325064	0	0	59	0	17	0	0
55704510	708952466218291200	0	0	178	0	04	1	1
55704510	708952375323590656	0	0	178	0	04	0	0
55704510	708731958394683392	0	4	239	0	14	1	1
55704510	708731839720988672	1	1	217	0	14	0	0
55704510	708429842551742464	0	0	187	1	18	1	1
55704510	708429788789092352	0	0	178	1	18	0	0
55704510	708207825361588224	0	0	107	1	03	1	1
55704510	708207810861924352	2	0	105	1	03	0	0
55704510	708028620019642369	0	3	128	1	15	1	1
55704510	708028603141763073	0	2	122	1	15	0	0
55704510	707606551163342849	0	0	112	1	11	1	1
55704510	707606534868459520	0	0	112	1	11	0	0
55704510	707567955433750530	0	0	138	1	09	1	1
55704510	707567940606889984	0	0	124	1	09	0	0
55704510	707181934040842240	0	0	51	1	07	1	1
55704510	707181832777781248	0	0	51	1	07	0	0
55704510	706515530111258624	0	0	286	0	11	1	1
55704510	706515516370780160	0	0	286	0	11	0	0
55704510	705439489129365504	0	0	23	1	12	3	3
55704510	705432638073344000	0	0	136	1	11	2	2
55704510	705432621153591296	0	0	125	1	11	1	1
55704510	705427690405404672	0	0	114	1	11	0	0
55704510	705172362560311296	0	0	125	1	18	1	1
55704510	705172350455513089	3	0	126	1	18	0	0
55704510	704802524801298434	0	0	95	1	17	1	2
55704510	704802395247644672	0	0	94	1	17	0	1
55704510	704773997561565185	1	0	136	1	16	0	0
55704510	704444458641833984	3	0	101	1	18	0	0
55704510	704303148756832256	0	0	117	1	08	0	0
55704510	703662618670567424	0	1	67	0	14	1	1
55704510	703662602241445888	0	1	67	0	14	0	0
55704510	703348616241348608	0	0	137	1	17	1	1
55704510	703348600277827584	0	0	124	1	17	0	0
55704510	702670224533770241	1	0	263	1	20	1	1
55704510	702670209279139840	0	0	122	1	20	0	0
55704510	702279348901044225	1	0	139	1	18	0	0
55704510	702202983971479552	0	0	119	1	13	0	0
55704510	701889123368443904	4	1	149	1	16	0	0
55704510	701804255707926528	4	0	315	1	11	1	1
55704510	701804157619994624	3	0	301	1	11	0	0
55704510	700721006185463808	1	0	70	1	11	1	1
55704510	700720899717275648	1	0	127	1	11	0	0
55704510	700408491354132480	0	2	212	1	14	1	1
55704510	700408374102355968	0	0	197	1	14	0	0
55704510	700096813966168064	1	0	119	1	18	0	0
55704510	699768218953641984	1	2	71	1	20	1	1
55704510	699768190440771585	1	0	98	1	20	0	0
55704510	699651433285570561	0	0	124	1	12	1	1
55704510	699651420471988224	0	0	123	1	12	0	0
55704510	699347246333054976	3	0	135	1	16	1	1
55704510	699347230528897024	2	0	124	1	16	0	0
55704510	698613271419625474	3	4	88	0	16	0	0
55704510	698180294025805824	0	0	35	1	11	0	0
55704510	697556052368199682	1	0	140	1	18	1	1
55704510	697556038552150020	2	0	122	1	18	0	0
55704510	697167399900942336	0	0	54	1	16	1	1
55704510	697167131016712192	0	0	54	1	16	0	0
55704510	696802518513295360	1	0	133	1	16	3	3
55704510	696802305048350720	1	0	126	1	16	2	2
55704510	696792504205594624	0	0	135	1	15	1	1
55704510	696792253923102720	0	0	125	1	15	0	0
55704510	696669850098364416	0	0	99	1	07	0	0
55704510	696061283422982144	1	0	134	0	15	1	1
55704510	696061192498839553	1	0	126	0	15	0	0
55704510	695953104781578242	0	0	23	0	07	0	0
55704510	695639616825602048	0	0	99	1	11	1	1
55704510	695639603001208832	0	0	99	1	11	0	0
55704510	695339484812939266	1	0	139	1	15	1	3
55704510	695339469033975810	0	0	126	1	15	0	2
55704510	695314105461157888	1	0	138	1	13	1	1
55704510	695313989673201664	1	0	125	1	13	0	0
55704510	695231454893076480	2	0	140	1	08	1	1
55704510	695231440565305344	2	0	119	1	08	0	0
55704510	694987140288020480	0	0	140	1	15	1	2
55704510	694987045257609216	1	0	125	1	15	0	1
55704510	694969776091840512	1	0	145	1	14	0	0
55704510	694595133472288768	0	0	35	1	13	1	3
55704510	694595026446209024	0	0	35	1	13	0	2
55704510	694575933374619648	0	0	117	1	12	1	1
55704510	694575817985163264	0	0	117	1	12	0	0
55704510	694290688523907072	0	0	137	1	17	1	1
55704510	694290560358547457	0	0	125	1	17	0	0
55704510	694242272926273537	0	0	114	1	14	1	3
55704510	694242261735837696	0	0	114	1	14	0	2
55704510	694215474427498496	0	0	138	1	12	1	1
55704510	694215457801261057	0	0	125	1	12	0	0
55704510	693878303824826368	0	0	140	0	14	1	1
55704510	693878220484059136	0	0	126	0	14	0	0
55704510	693782711303958529	0	0	275	0	08	1	1
55704510	693782621717864448	0	0	275	0	08	0	0
55704510	693419664890859521	0	0	249	0	08	1	1
55704510	693419541792075776	0	0	287	0	08	0	0
55704510	693112646631972864	1	0	139	1	11	1	1
55704510	693112634099372033	1	0	125	1	11	0	0
55704510	692779989503074304	1	0	140	1	13	1	1
55704510	692779974336491520	0	0	125	1	13	0	0
55704510	692730079215009792	0	0	316	1	10	1	1
55704510	692729999476936708	0	0	302	1	10	0	0
55704510	692369072776962049	2	0	145	1	10	4	5
55704510	692362732314726401	1	0	155	1	10	3	5
55704510	692362644137725953	2	0	148	1	10	2	4
55704510	692361524208345088	0	0	140	1	10	2	3
55704510	692361344910102528	2	0	123	1	09	1	2
55704510	692346907906162688	0	0	23	1	09	1	1
55704510	692333050911395841	0	0	23	1	08	0	0
55704510	692092112926408709	3	2	106	1	16	5	5
55704510	692092112913862660	4	2	114	1	16	5	5
55704510	692092034128048132	4	2	110	1	16	3	3
55704510	692091995439833089	4	2	115	1	16	2	2
55704510	692091953861660675	4	2	115	1	16	1	1
55704510	692091940469239811	4	2	109	1	16	0	0
55704510	691744752715304960	0	0	23	1	17	0	0
55704510	691670605049888768	1	0	140	1	12	3	3
55704510	691670503333867521	1	0	122	1	12	2	2
55704510	691661639674896384	0	0	135	1	11	1	2
55704510	691661068263776256	0	0	71	1	11	0	1
55704510	691637802996465664	0	0	139	1	10	0	0
55704510	691346520411516928	1	0	88	0	14	1	1
55704510	691346403373752321	1	0	88	0	14	0	0
55704510	691297167559020544	0	0	235	0	11	1	1
55704510	691297058121101313	0	0	235	0	11	0	0
55704510	690906966496038912	0	0	68	0	09	0	0
55704510	690659905762496512	1	0	138	1	17	1	1
55704510	690659852037726209	1	0	125	1	17	0	0
55704510	690586491664207872	0	0	97	1	12	0	0
55704510	690522032535138308	0	0	33	1	08	0	0
55704510	690007222479392772	0	0	39	1	22	0	0
55704510	689836675355148289	1	0	137	1	10	1	1
55704510	689836663757901824	2	0	116	1	10	0	0
55704510	689626662107910144	1	0	156	1	20	1	1
55704510	689626560618311680	0	0	144	1	20	0	0
55704510	688771138579607552	0	0	137	0	12	1	1
55704510	688771011886485504	1	0	122	0	12	0	0
55704510	688548223007367168	0	0	191	0	21	1	1
55704510	688548134591410177	0	0	177	0	21	0	0
55704510	688510430830936064	0	0	140	0	18	1	3
55704510	688510342574428160	0	0	140	0	18	0	2
55704510	688490998834397185	1	0	138	0	17	3	3
55704510	688490885189767169	0	0	125	0	17	2	2
55704510	688475961726111744	0	0	137	0	16	1	1
55704510	688475948287578112	0	0	126	0	16	0	0
55704510	688380465456103425	0	0	176	0	10	1	1
55704510	688380378336235520	0	0	176	0	10	0	0
55704510	688093787881508864	0	0	138	1	15	0	1
55704510	688070343433555968	0	0	139	1	13	0	0
55704510	687703175399260160	0	0	38	1	13	1	3
55704510	687703162820530176	0	0	38	1	13	0	2
55704510	687677109314031616	0	0	75	1	11	1	1
55704510	687677014434697216	0	0	75	1	11	0	0
55704510	687635939145969665	0	0	23	1	09	0	0
55704510	687076909457346561	0	0	125	1	20	1	1
55704510	687071021552238594	0	0	97	1	19	0	0
55704510	686939963238256640	0	0	23	1	10	0	0
55704510	685943691211481088	1	0	35	0	16	0	0
55704510	685835191395442689	0	0	23	0	09	0	0
55704510	685570891606917120	0	0	146	1	16	1	1
55704510	685570789710548992	0	0	146	1	16	0	0
55704510	685252917901697025	0	0	364	1	19	1	1
55704510	685252903519424512	0	0	364	1	19	0	0
55704510	685197876243247104	1	0	125	1	15	0	0
55704510	684726504756871168	1	0	33	1	08	0	0
55704510	684608354023415808	1	0	139	1	00	1	1
55704510	684608268371505152	1	0	122	1	00	0	0
55704510	684428791750381568	0	0	143	1	12	1	1
55704510	684428776235634688	0	0	125	1	12	0	0
55704510	684211932346187776	0	0	409	1	22	1	1
55704510	684211821595656192	0	0	409	1	22	0	0
26606157	722206833226571777	2	0	130	1	18	0	0
26606157	722107647399321602	0	0	133	1	12	0	0
26606157	721832908780994564	0	4	132	0	17	0	0
26606157	721480653917716480	0	2	135	0	18	0	0
26606157	721191547643891713	1	0	140	1	23	0	0
26606157	721160802669973505	1	0	109	1	21	2	2
26606157	721157482861633536	0	0	139	1	21	1	1
26606157	721156697075527680	0	0	45	1	21	0	0
26606157	721113129032101888	0	0	75	1	18	0	0
26606157	721078340996599808	0	0	58	1	15	0	0
26606157	720835561678704640	0	0	142	1	23	0	0
26606157	720758235792191488	1	4	134	1	18	0	0
26606157	720711832432951299	3	1	145	1	15	2	2
26606157	720711772999692291	3	0	110	1	15	1	1
26606157	720699340423966721	0	0	140	1	14	0	0
26606157	720441575990538241	1	0	63	1	21	1	1
26606157	720441166735523840	1	0	113	1	21	0	0
26606157	720306026260500480	0	0	143	1	12	0	0
26606157	720102892322078721	0	0	134	1	23	2	3
26606157	720100942549512193	1	0	120	1	23	1	2
26606157	720099633205284864	0	1	142	1	23	0	1
26606157	720081112114921472	0	0	144	1	21	0	0
26606157	720012192452468737	0	0	83	1	17	0	0
26606157	719735144995627008	0	0	62	1	22	3	3
26606157	719735066025299968	0	0	118	1	22	2	2
26606157	719734748847812608	0	0	94	1	22	1	1
26606157	719734507771854848	0	0	125	1	22	0	0
26606157	719550345798496256	0	0	89	1	10	0	0
26606157	719170640415031296	0	0	89	0	09	1	1
26606157	719170640205361152	0	0	64	0	09	1	1
26606157	718624149716000768	0	0	79	1	21	0	0
26606157	718094848184557569	0	0	84	1	10	0	0
26606157	717907561077284865	0	4	139	1	21	0	0
26606157	717859902547316736	0	0	92	1	18	0	0
26606157	717545603648004096	2	3	156	1	21	0	0
26606157	717222691246383104	0	1	123	1	00	0	0
26606157	717122937099137024	0	0	36	1	17	0	1
26606157	717105243641655297	0	0	138	1	16	0	0
26606157	717073279819714566	0	0	39	1	14	2	2
26606157	717073040119455744	0	0	64	1	14	1	1
26606157	717072945827295232	0	0	79	1	14	0	0
26606157	716396566077181952	0	3	90	0	17	5	12
26606157	716395079796133888	0	0	138	0	17	4	11
26606157	716386310425034752	0	0	50	0	17	10	10
26606157	716386244268331008	0	0	69	0	17	9	9
26606157	716381681096200196	0	0	124	0	16	8	8
26606157	716381623114145792	0	0	106	0	16	7	7
26606157	716379887406301184	1	0	139	0	16	6	6
26606157	716379599823888385	0	0	68	0	16	5	5
26606157	716379501211607040	0	0	131	0	16	4	4
26606157	716379298039468032	1	0	105	0	16	3	3
26606157	716379098059317248	1	0	46	0	16	2	2
26606157	716378952709840897	0	1	137	0	16	1	1
26606157	716371553806581760	1	1	113	0	16	0	1
26606157	716344910086082561	0	0	83	0	14	0	0
26606157	716278254974464000	0	0	135	0	09	0	0
26606157	716092957296824321	1	0	50	1	21	0	0
26606157	716057656360742912	0	0	58	1	19	0	0
26606157	715987929793847296	0	0	75	1	14	0	0
26606157	715916641230409728	0	0	119	1	10	0	1
26606157	715888844147654656	1	1	145	1	08	0	0
26606157	715746967058513922	0	0	140	1	22	0	0
26606157	715704508068839425	0	0	116	1	19	3	9
26606157	715700320588992512	0	0	52	1	19	3	8
26606157	715692925028421633	0	1	138	1	19	2	8
26606157	715692450736525312	0	1	121	1	19	2	7
26606157	715688786261217281	0	0	66	1	18	5	6
26606157	715677590988652545	0	0	67	1	18	5	8
26606157	715676435189473280	0	0	56	1	18	4	7
26606157	715676198559473664	0	0	87	1	18	3	6
26606157	715676031026339840	0	0	56	1	18	2	5
26606157	715675934259589120	0	0	101	1	18	1	4
26606157	715663246846332928	0	0	120	1	17	2	12
26606157	715656259349839872	0	0	109	1	16	7	17
26606157	715650367241854976	0	0	101	1	16	10	18
26606157	715647512732766208	0	0	95	1	16	13	18
26606157	715644810552610817	0	0	102	1	15	12	18
26606157	715644807679492097	0	0	97	1	15	11	17
26606157	715644673994260480	0	0	106	1	15	10	16
26606157	715644241133764609	0	0	124	1	15	9	15
26606157	715641484888776704	0	0	121	1	15	10	14
26606157	715640873610915840	0	0	93	1	15	9	13
26606157	715637117234192385	0	0	124	1	15	8	12
26606157	715636046919131136	0	0	112	1	15	7	11
26606157	715636042368294913	0	0	101	1	15	6	10
26606157	715632896808058882	0	0	109	1	15	8	9
26606157	715632893825929217	0	0	135	1	15	7	8
26606157	715632655392333824	0	0	115	1	15	6	7
26606157	715632651558752256	0	0	104	1	15	5	6
26606157	715628299339190272	0	0	122	1	14	5	5
26606157	715628296566759424	0	0	94	1	14	5	5
26606157	715620795590975488	0	0	108	1	14	3	3
26606157	715620791514075136	0	0	91	1	14	2	2
26606157	715619422610718720	0	0	94	1	14	1	1
26606157	715615419760054272	0	0	138	1	14	0	0
26606157	715561886083756032	0	0	89	1	10	0	1
26606157	715545748738347008	0	0	140	1	09	0	0
26606157	715390337049464833	0	1	141	1	23	3	6
26606157	715380495249440768	0	0	60	1	22	3	6
26606157	715375719816306692	2	0	91	1	22	3	5
26606157	715375575284715520	1	0	33	1	22	2	4
26606157	715367216879939584	0	0	114	1	21	3	3
26606157	715362930829697024	0	0	133	1	21	2	3
26606157	715360261469810688	0	0	90	1	21	1	2
26606157	715355807697788929	0	0	135	1	20	0	1
26606157	715335306044571648	0	0	137	1	19	0	1
26606157	715315853344919552	0	0	134	1	18	0	1
26606157	715295695163539456	0	0	67	1	16	0	2
26606157	715273409719111680	0	0	76	1	15	2	3
26606157	715265575765745664	0	0	142	1	14	1	2
26606157	715259724690812928	0	0	137	1	14	0	1
26606157	715244307742134278	0	0	137	1	13	0	1
26606157	715226148914012160	0	0	62	1	12	0	0
26606157	715047451120545793	0	0	139	1	00	3	3
26606157	715047226582687744	0	0	140	1	00	2	2
26606157	715045447845421056	0	0	91	1	00	1	1
26606157	715044249205620737	0	0	139	1	00	0	0
26606157	714997529444818944	0	0	38	1	21	2	2
26606157	714997406333603840	0	0	38	1	21	1	1
26606157	714997249827274753	0	0	48	1	21	0	0
26606157	714678271674355712	0	0	131	1	23	0	0
26606157	714646688254849024	0	0	139	1	21	0	0
26606157	714276855860305920	0	0	109	0	21	6	9
26606157	714274949834346496	0	0	94	0	21	5	9
26606157	714271719649726464	0	0	143	0	21	6	9
26606157	714269937649340416	0	0	107	0	20	5	9
26606157	714269934801453056	0	0	92	0	20	4	8
26606157	714269539526021121	0	1	127	0	20	3	7
26606157	714268982174416897	0	0	94	0	20	2	6
26606157	714258884823650304	0	0	118	0	20	4	7
26606157	714258881623371776	0	0	114	0	20	3	6
26606157	714250547667144705	0	0	108	0	19	4	5
26606157	714245485741998080	0	0	103	0	19	3	4
26606157	714244184358518785	0	0	114	0	19	3	3
26606157	714240471078338561	0	0	93	0	18	2	2
26606157	714238495150182400	0	0	120	0	18	1	1
26606157	714229472237600769	0	0	140	0	18	0	0
26606157	714199100200103936	0	1	137	0	16	2	3
26606157	714192430581563392	0	0	113	0	15	1	2
26606157	714192343528775680	0	0	124	0	15	0	1
26606157	714173683250507776	0	1	143	0	14	0	0
26606157	714132449320693760	0	1	141	0	11	0	0
26606157	713920306998616064	0	0	131	0	21	1	1
26606157	713915515673059334	1	0	121	0	21	0	0
26606157	713579669010956288	0	1	64	1	23	0	1
26606157	713561029876260868	0	0	126	1	21	0	0
26606157	713486197474123776	0	0	128	1	17	2	3
26606157	713484931654160384	1	0	138	1	16	1	2
26606157	713478198181253120	0	0	136	1	16	0	1
26606157	713460784186146816	1	0	140	1	15	0	0
26606157	713208467369103360	0	0	120	1	22	1	2
26606157	713195864144158720	2	2	135	1	21	1	1
26606157	713188903482691584	0	0	117	1	21	0	0
26606157	713157036335177728	0	0	130	1	19	3	6
26606157	713156448642023425	0	0	102	1	19	2	6
26606157	713156325551775744	0	0	47	1	19	1	5
26606157	713156277023719428	0	0	93	1	19	0	4
26606157	713140011663757312	0	0	66	1	18	3	3
26606157	713139810790203394	0	0	71	1	18	2	2
26606157	713139392685150209	0	0	47	1	18	1	1
26606157	713126443178299392	0	0	137	1	17	0	0
26606157	713088973594165248	0	1	140	1	14	0	0
26606157	712884615388782593	0	0	23	1	01	1	1
26606157	712883833184473090	0	0	144	1	01	0	0
26606157	712849601632428032	0	5	116	1	22	0	0
26606157	712796785857658880	0	0	102	1	19	0	1
26606157	712779557405896704	0	0	44	1	18	0	1
26606157	712763558119890944	0	1	140	1	17	0	0
26606157	712690817329139712	0	0	130	1	12	0	0
26606157	712485105416015873	0	0	135	1	22	1	1
26606157	712478583042793472	1	0	88	1	22	0	0
26606157	712423418940035072	0	0	132	1	18	0	2
26606157	712399906649083904	0	0	52	1	17	1	1
26606157	712395901076017152	0	0	135	1	16	0	0
26606157	712053479557046272	0	0	116	1	18	0	0
26606157	711741618294906881	0	1	131	0	21	0	0
26606157	711035647448915968	0	0	130	1	22	1	2
26606157	711023315662405632	0	0	130	1	21	1	1
26606157	711018475272019969	0	0	139	1	21	0	0
26606157	710682012991021056	0	0	65	1	23	0	0
26606157	710623642942640128	0	0	136	1	19	0	0
26606157	710455445513588736	0	0	91	1	08	0	0
26606157	710325624376676354	0	0	54	1	23	0	0
26606157	710217037813952512	0	0	67	1	16	1	1
26606157	710202227294494720	0	0	137	1	15	0	0
26606157	710157699913162752	0	2	113	1	12	0	0
26606157	710116664902201344	0	1	137	1	09	0	1
26606157	710088235590885376	0	0	134	1	08	0	0
26606157	710010682222239744	0	0	138	1	02	3	3
26606157	710008594343849984	0	0	109	1	02	2	2
26606157	710002872881127424	0	0	104	1	02	1	2
26606157	710002869953556484	0	0	91	1	02	1	2
26606157	709975466946531332	0	0	140	1	00	0	0
26606157	709924776123502593	0	0	52	1	21	7	7
26606157	709923019246989312	0	0	138	1	21	6	6
26606157	709922686844198914	0	0	117	1	21	5	5
26606157	709922371059187712	0	0	107	1	21	4	4
26606157	709922189894619136	0	0	106	1	21	3	3
26606157	709921920528076800	0	0	142	1	20	2	2
26606157	709921545100124160	0	0	110	1	20	1	1
26606157	709921358927536129	1	0	144	1	20	0	0
26606157	709726089405341696	0	0	138	1	08	0	0
26606157	709566661410623488	3	1	177	1	21	1	1
26606157	709566517415952385	1	0	139	1	21	0	0
26606157	709468635757223938	0	0	144	1	14	0	0
26606157	709402145557090306	0	0	64	1	10	0	0
26606157	708501948442357760	0	0	125	1	22	0	0
26606157	708426441650647040	1	1	127	1	17	0	0
26606157	708151224290291712	0	0	136	1	23	0	0
26606157	708119074937577472	0	1	137	1	21	0	0
26606157	708076277786226688	0	0	135	1	18	1	1
26606157	708075803704045568	0	1	142	1	18	0	0
26606157	707804759521169408	0	0	135	1	00	1	1
26606157	707803680095997952	0	1	123	1	00	0	0
26606157	707765095967883265	0	0	77	1	22	0	0
26606157	707602821143617537	0	0	89	1	11	1	1
26606157	707602820296388609	0	0	64	1	11	1	1
26606157	707425472783618048	0	0	33	1	23	1	1
26606157	707424252362817538	0	0	146	1	23	0	0
26606157	707362001446567936	0	0	139	1	19	2	2
26606157	707361260128460800	0	0	99	1	19	1	2
26606157	707361217401126912	0	0	99	1	19	0	1
26606157	707331342074191872	0	0	97	1	17	0	0
26606157	707260277763522562	0	0	81	1	12	2	2
26606157	707251364066230272	0	4	137	1	12	1	3
26606157	707246961296957440	0	0	89	1	11	0	2
26606157	707229356544884736	0	0	66	1	10	1	1
26606157	707226680335716352	0	0	48	1	10	0	0
26606157	707073110139412481	0	0	138	1	00	0	0
26606157	707009235800842240	0	0	128	1	20	1	1
26606157	707008462195007489	0	0	138	1	20	0	0
26606157	706970905876934656	4	1	149	1	17	0	0
26606157	706154203522179074	1	0	116	0	11	0	0
26606157	705981856307683328	0	0	97	0	00	0	0
26606157	705862209856008192	0	0	66	1	16	0	0
26606157	705645344424484865	1	1	144	1	01	0	0
26606157	705611633255534592	0	1	134	1	23	1	1
26606157	705598526223486978	1	0	80	1	22	0	0
26606157	705493658360016896	0	0	136	1	15	0	0
26606157	705253210286493696	0	4	110	1	23	0	0
26606157	705190541558980608	0	1	53	1	19	0	0
26606157	705052395592654848	3	0	129	1	10	2	8
26606157	705049446153846784	0	0	139	1	10	1	7
26606157	705049378021580801	0	0	139	1	10	0	6
26606157	705026811151970308	0	0	139	1	08	5	5
26606157	705025536691675137	0	0	139	1	08	4	4
26606157	705024229926952960	0	0	139	1	08	3	3
26606157	705023197117353984	0	0	139	1	08	2	2
26606157	705022648980512768	0	0	139	1	08	1	1
26606157	705022353621827584	0	0	139	1	08	0	0
26606157	704898550245756931	0	0	138	1	00	0	0
26606157	704828247104626688	3	0	142	1	19	0	0
26606157	704796405106225152	0	0	142	1	17	0	0
26606157	704744888735289344	0	0	135	1	14	0	2
26606157	704725150856392704	0	0	111	1	12	1	1
26606157	704725045067669504	0	0	51	1	12	0	0
26606157	704672943658418176	7	0	137	1	09	5	5
26606157	704672928718315520	5	0	145	1	09	4	4
26606157	704672900872327168	1	5	120	1	09	3	3
26606157	704672858711130112	7	0	137	1	09	2	2
26606157	704672805691006976	7	0	145	1	09	1	1
26606157	704672787760324608	7	0	145	1	09	0	0
26606157	704552605393891328	0	1	140	1	01	0	0
26606157	704450982319534081	0	0	139	1	18	0	0
26606157	704349512425312256	0	0	89	1	11	0	0
26606157	704181005121355776	0	0	68	1	00	0	0
26606157	703442297157980160	0	0	93	1	23	0	1
26606157	703416888324440064	0	0	108	1	22	0	0
26606157	703351256304132096	0	0	107	1	17	0	0
26606157	703116216685072384	0	0	136	1	02	0	0
26606157	702925624336371712	0	0	139	1	13	0	0
26606157	702794966930726912	0	0	64	1	04	0	0
26606157	702706740626853889	0	0	73	1	23	1	1
26606157	702703469736697856	1	0	142	1	22	0	1
26606157	702674360839118848	0	0	139	1	20	0	1
26606157	702658655670427648	0	0	140	1	19	0	0
26606157	702615634862063617	0	0	96	1	17	1	1
26606157	702615166035337216	0	0	90	1	17	0	0
26606157	702367199437189120	1	0	142	1	00	0	0
26606157	702325579962384384	0	1	133	1	21	0	0
26606157	702250396203491329	0	0	140	1	16	0	2
26606157	702221869533888512	0	0	113	1	15	1	1
26606157	702221865767448576	0	0	113	1	15	0	0
26606157	702179071883522049	0	0	89	1	12	1	1
26606157	702179071631831040	0	0	64	1	12	1	1
26606157	702148098693459968	0	0	130	1	10	0	0
26606157	701982662446059520	0	0	102	1	23	1	1
26606157	701969325175930883	1	0	145	1	22	0	0
26606157	701484813706874881	0	0	89	0	14	0	0
26606157	701166839741730816	1	3	155	0	17	0	0
26606157	700924214078005248	0	0	140	0	01	0	0
26606157	700833543648182272	1	0	30	1	19	0	0
26606157	700798228170543104	0	1	138	1	16	0	0
26606157	700541624309256192	0	0	140	1	23	0	0
26606157	700455364219633664	1	0	139	1	18	1	3
26606157	700454186929016834	0	0	129	1	17	0	2
26606157	700428972333486080	0	0	73	1	16	1	1
26606157	700425333581828096	2	2	149	1	16	0	0
26606157	700363190912315392	0	0	86	1	11	1	1
26606157	700362629223677952	0	0	61	1	11	0	0
26606157	700180080895533056	0	0	138	1	23	0	0
26606157	699820740825247744	0	0	113	1	00	0	2
26606157	699792590984482817	0	0	102	1	22	1	1
26606157	699792325250142208	0	0	140	1	22	0	0
26606157	699639544551968768	1	1	135	1	12	0	0
26606157	699458719243866112	0	1	138	1	00	6	6
26606157	699452170958077954	0	0	109	1	23	5	5
26606157	699452057984438273	0	0	98	1	23	4	4
26606157	699451947674304513	0	0	111	1	23	3	3
26606157	699449754984448000	0	0	58	1	23	2	2
26606157	699449573433946113	0	0	63	1	23	1	1
26606157	699449505188425728	0	0	65	1	23	0	0
26606157	699379754076602368	0	0	111	1	18	0	0
26606157	699031247012700160	0	0	119	0	19	2	2
26606157	699022410348130304	0	0	99	0	19	1	1
26606157	699022231599452160	0	1	80	0	19	0	0
26606157	698968827602870272	0	3	139	0	15	1	5
26606157	698963175023181825	0	1	117	0	15	0	4
26606157	698940853541273600	0	0	43	0	13	3	3
26606157	698940712096813058	0	0	98	0	13	2	2
26606157	698940497168068608	0	0	42	0	13	1	1
26606157	698940427035111424	0	0	141	0	13	0	0
26606157	698796879455322112	0	0	132	0	04	1	1
26606157	698796869867040768	0	0	132	0	04	0	0
26606157	698353191767834624	0	0	128	1	22	2	2
26606157	698345368984027136	0	0	138	1	22	1	1
26606157	698343735684272128	0	0	137	1	22	0	0
26606157	698021874014375936	0	0	79	1	00	4	4
26606157	698021735723986944	0	0	140	1	00	3	3
26606157	698021503665745920	0	0	85	1	00	2	2
26606157	698021206448955392	0	0	38	1	00	1	1
26606157	698021130527834114	0	0	131	1	00	0	0
26606157	697794598069018624	3	0	71	1	09	2	2
26606157	697794293277315073	0	0	75	1	09	1	1
26606157	697794047474331648	0	0	78	1	09	0	0
26606157	697691417620008961	0	4	140	1	02	0	0
26606157	697617467556823041	0	0	144	1	22	1	1
26606157	697617110034313217	0	0	127	1	22	0	0
26606157	697574698461204480	0	0	136	1	19	0	0
26606157	697444035280113664	0	0	56	1	10	0	0
26606157	697296008208846848	0	0	126	1	00	3	4
26606157	697295856630939648	0	0	67	1	00	2	3
26606157	697289978636701696	0	0	136	1	00	2	2
26606157	697288138067156992	0	0	54	1	00	1	1
26606157	697279825233342464	0	0	134	1	23	0	1
26606157	697256623732035585	0	0	108	1	22	1	1
26606157	697243503944994816	0	0	120	1	21	0	0
26606157	697212914130886656	0	0	120	1	19	1	4
26606157	697205179641417729	0	0	47	1	18	3	3
26606157	697195466384109568	0	0	128	1	18	2	2
26606157	697194827012825089	0	0	87	1	18	1	1
26606157	697194628018266112	0	0	71	1	18	0	0
26606157	696936641634635776	0	0	115	1	01	7	7
26606157	696928484501938176	0	0	96	1	00	6	7
26606157	696928320441729024	0	0	62	1	00	5	6
26606157	696928248329019392	0	0	124	1	00	4	5
26606157	696927953016455168	0	0	92	1	00	3	4
26606157	696927604121714688	0	0	42	1	00	2	3
26606157	696927536446578688	0	0	102	1	00	1	2
26606157	696926856914845697	0	0	97	1	00	0	1
26606157	696899207500853248	0	0	140	1	22	0	0
26606157	696834799885942784	0	0	140	1	18	0	0
26606157	696711014012813312	0	0	84	1	10	5	5
26606157	696710796169105408	0	0	58	1	10	4	4
26606157	696710662890921984	0	0	87	1	10	3	3
26606157	696710437086355456	0	0	61	1	10	2	2
26606157	696710328407695364	0	0	64	1	10	1	1
26606157	696710045338353665	0	0	60	1	09	0	0
26606157	695819191375384578	1	0	143	1	22	3	3
26606157	695816393485381632	0	0	111	1	22	2	2
26606157	695816267253620737	0	0	144	1	22	1	1
26606157	695809445662748673	1	0	57	1	22	0	0
26606157	695664907807805441	1	3	145	1	12	0	1
26606157	695634801764728832	0	0	100	1	10	3	3
26606157	695634340148072448	0	0	42	1	10	2	2
26606157	695623227251560448	0	1	141	1	10	1	1
26606157	695622968941154305	0	0	48	1	10	0	0
26606157	695500987566419968	0	0	119	1	01	0	0
26606157	695426942065991680	0	0	91	1	21	0	0
26606157	695346053684432897	0	0	116	1	15	1	1
26606157	695345097752248320	0	0	86	1	15	0	0
26606157	695283469212086272	0	0	72	1	11	0	0
26606157	695112569707708416	1	0	138	1	00	0	0
26606157	694945754444484608	0	0	89	1	13	1	1
26606157	694945753953914880	0	0	64	1	13	1	1
26606157	694761925851238400	0	0	135	1	00	1	1
26606157	694761327592673280	0	0	124	1	00	0	0
26606157	694710143393476610	0	0	140	1	21	4	7
26606157	694704126073180162	0	0	140	1	21	3	6
26606157	694699038545960960	0	0	140	1	20	4	6
26606157	694698243704254464	0	0	143	1	20	3	5
26606157	694697363911380996	0	0	114	1	20	2	4
26606157	694687822607855620	0	0	137	1	20	2	4
26606157	694687184117346304	0	0	94	1	20	1	3
26606157	694682138709508096	0	0	70	1	19	1	2
26606157	694670437566058498	0	0	99	1	18	1	2
26606157	694666305237053440	0	0	137	1	18	0	1
26606157	694650893921357824	0	1	107	1	17	0	1
26606157	694628471352373248	0	0	112	1	16	0	0
26606157	694554470651301888	0	1	134	1	11	0	0
22821175	722196882718478337	1	0	101	1	15	0	1
22821175	722180049550467073	3	0	128	1	14	0	0
22821175	722145178786656258	0	0	138	1	12	0	1
22821175	722127684923293697	1	0	140	1	11	0	4
22821175	722106906353897473	2	0	125	1	09	3	3
22821175	722105296475131908	1	0	75	1	09	2	2
22821175	722103781417099267	2	0	94	1	09	1	1
22821175	722100919102349312	2	0	145	1	09	0	0
22821175	722068808622415872	1	0	126	1	07	0	0
22821175	721880934656684033	0	1	140	0	19	0	0
22821175	721835635368189952	1	2	138	0	16	0	1
22821175	721805440745652224	0	1	139	0	14	0	0
22821175	721760146586734592	1	1	132	0	11	0	0
22821175	721712841561137154	1	2	135	0	07	0	0
22821175	721465297660563457	0	1	130	0	15	3	3
22821175	721463393643671554	1	1	136	0	15	2	2
22821175	721459135670132736	0	3	111	0	15	1	1
22821175	721454237159264257	0	2	100	0	14	0	1
22821175	721427949216522244	0	1	136	0	13	0	0
22821175	721382655082807296	0	1	143	0	10	0	0
22821175	721337359032324096	0	1	129	0	07	0	0
22821175	721125958137311232	1	0	140	1	17	0	0
22821175	721088210277937152	1	1	143	1	14	0	0
22821175	721045268850839553	1	1	140	1	11	2	2
22821175	721038171828461568	1	0	113	1	11	1	3
22821175	721034935830577152	1	0	126	1	10	0	2
22821175	721011205393948673	1	1	112	1	09	1	1
22821175	721008069073891330	1	1	140	1	09	0	0
22821175	720972737162780672	2	1	126	1	06	2	2
22821175	720972670196527106	2	0	137	1	06	1	1
22821175	720972619302834176	1	1	145	1	06	0	0
22821175	720778671972360193	0	1	140	1	18	0	0
22821175	720733377205288960	0	1	139	1	15	0	1
22821175	720703176903692289	0	1	135	1	13	0	0
22821175	720657877954912256	1	1	140	1	10	0	1
22821175	720627681222651904	0	2	143	1	08	0	1
22821175	720597482909077508	0	2	142	1	06	0	0
22821175	720400354664251392	2	0	64	1	16	0	0
22821175	720340794461274112	0	1	140	1	13	0	1
22821175	720310602611052544	1	2	134	1	11	0	0
22821175	720264986040242176	2	1	137	1	07	0	1
22821175	720235094598758402	0	2	138	1	06	0	0
22821175	720127803488907264	1	1	90	1	22	0	0
22821175	720038797803724800	0	1	139	1	17	1	2
22821175	720026217156481025	1	2	46	1	16	0	1
22821175	720009610023800832	0	1	129	1	15	0	0
22821175	719978466951761920	1	1	139	1	13	0	0
22821175	719918001332625408	0	1	140	1	09	0	1
22821175	719887810107453440	0	1	124	1	07	0	0
22821175	719676415982088192	0	1	139	1	17	0	1
22821175	719646233363681280	0	1	135	1	15	0	0
22821175	719599652220248064	0	1	141	1	11	0	1
22821175	719571972355702785	1	2	137	1	10	1	1
22821175	719559733594619904	1	0	129	1	09	0	0
22821175	719298920745213952	1	1	138	0	16	0	0
22821175	719253626179493888	0	0	135	0	13	0	0
22821175	719218390263558149	0	1	140	0	10	0	0
22821175	718966731897729024	1	1	140	0	18	0	0
22821175	718921437147435009	1	1	142	0	15	0	0
22821175	718876137112367105	1	1	140	0	12	0	0
22821175	718830840290099201	1	1	119	0	09	0	0
22821175	718604342371160064	1	1	127	1	18	0	0
22821175	718559044156420097	0	1	139	1	15	0	0
22821175	718513757958352898	2	1	149	1	12	0	0
22821175	718468345213882369	0	1	134	1	08	0	0
22821175	718423196102443009	0	1	140	1	06	0	0
22821175	718241954195251200	3	1	149	1	18	0	1
22821175	718219225832140800	2	1	149	1	16	0	1
22821175	718196655854632960	0	1	137	1	15	0	1
22821175	718166460040945665	0	2	142	1	13	0	0
22821175	718121160685326338	0	2	142	1	10	0	0
22821175	718049255361916928	1	1	125	1	05	0	0
22821175	717864469175599104	0	1	139	1	17	0	1
22821175	717834271529050113	0	1	137	1	15	0	1
22821175	717804074595442693	0	1	139	1	13	0	0
22821175	717766778730844160	1	3	140	1	10	0	0
22821175	717713477025050624	1	1	133	1	07	0	0
22821175	717532290155458560	0	1	140	1	19	0	0
22821175	717493319127797761	3	0	87	1	16	1	1
22821175	717486981916270596	0	1	129	1	16	0	0
22821175	717441683177271297	0	1	125	1	13	0	0
22821175	717397313900118018	0	1	131	1	10	0	0
22821175	717350710770163712	0	1	138	1	06	0	0
22821175	717110996016312320	1	2	145	1	15	0	0
22821175	716792403760390144	0	2	134	0	18	0	0
22821175	716747105373700097	0	1	135	0	15	0	0
22821175	716701809667149825	1	1	142	0	12	0	0
22821175	716656512110882816	0	2	137	0	09	0	0
22821175	716430016440102912	1	1	132	0	18	0	0
22821175	716384718648975360	1	2	132	0	15	0	0
22821175	716339417003196418	0	1	132	0	12	0	0
22821175	716294118834618370	1	1	145	0	09	0	0
22821175	716037429992534017	1	1	139	1	16	0	1
22821175	716007446657900545	1	1	138	1	14	0	0
22821175	715977054253088768	0	2	140	1	12	0	0
22821175	715946726985740288	0	2	143	1	09	0	0
22821175	715886435702845441	0	2	142	1	06	0	0
22821175	715705240050397184	0	1	143	1	18	0	0
22821175	715667493017280514	0	1	132	1	15	0	1
22821175	715651172409815040	2	1	63	1	14	0	0
22821175	715599543576961025	0	2	144	1	11	0	0
22821175	715342853459849216	0	1	137	1	18	0	3
22821175	715324908880814080	1	0	58	1	16	2	2
22821175	715323292895186944	2	0	36	1	16	1	1
22821175	715315544287629312	1	1	136	1	16	0	0
22821175	715260189243346944	0	1	137	1	12	0	0
22821175	715214506079739904	0	2	140	1	09	0	0
22821175	715176761185710081	2	1	149	1	07	0	0
22821175	714965363646185472	1	1	131	1	17	0	1
22821175	714935164707667972	1	1	131	1	15	0	0
22821175	714874643627290624	0	1	136	1	10	0	1
22821175	714852872966565889	0	1	139	1	09	0	0
22821175	714633174794510336	0	2	135	1	19	0	1
22821175	714602978011963392	1	1	138	1	17	0	0
22821175	714565231612194817	1	1	134	1	14	6	12
22821175	714556841456324608	3	0	137	1	13	5	15
22821175	714556125358632960	1	0	81	1	13	4	14
22821175	714555755530063876	2	0	51	1	13	3	13
22821175	714553674211569664	1	0	31	1	13	2	12
22821175	714553542271307776	1	0	36	1	13	1	11
22821175	714553407692865538	1	0	30	1	13	0	10
22821175	714538256541417472	1	1	102	1	12	9	9
22821175	714538235997790208	1	0	141	1	12	8	8
22821175	714536393226133505	1	1	111	1	12	7	7
22821175	714536363081609216	1	0	150	1	12	6	6
22821175	714535798213705728	1	1	106	1	12	5	5
22821175	714535768799076354	1	0	148	1	12	4	4
22821175	714533361406971905	1	0	31	1	12	3	3
22821175	714527483249496065	1	0	139	1	12	2	3
22821175	714526950706929665	1	1	107	1	11	1	2
22821175	714526885749719040	1	0	149	1	11	0	1
22821175	714497281693773825	0	1	138	1	10	0	1
22821175	714467086001709059	0	2	144	1	08	0	0
22821175	714240588690952193	0	1	140	0	17	0	0
22821175	714195291776397312	0	1	143	0	14	0	0
22821175	714150001899909120	0	2	134	0	11	1	1
22821175	714139161544949761	2	0	103	0	10	0	0
22821175	714104693061001216	1	0	145	0	08	0	0
22821175	713893576090865664	0	0	46	0	18	0	0
22821175	713848000750231552	0	1	134	0	15	0	0
22821175	713797725729337344	2	0	91	0	11	4	4
22821175	713797066749640704	1	0	77	0	11	3	3
22821175	713796214337048576	1	0	136	0	11	2	2
22821175	713795362163597312	2	0	132	0	11	1	1
22821175	713787603485593600	0	1	135	0	11	0	0
22821175	713742308240449536	0	1	136	0	08	0	0
22821175	713500713624735744	0	1	143	1	16	0	0
22821175	713440316716675072	0	2	142	1	12	0	0
22821175	713404179255926784	1	1	116	1	09	1	1
22821175	713398956403724289	0	2	140	1	09	0	0
22821175	713349720035500032	0	1	137	1	06	0	0
22821175	713183624653357056	1	1	129	1	19	0	0
22821175	713138326199537669	0	2	139	1	16	0	1
22821175	713108129643438080	0	1	138	1	14	0	0
22821175	713058076388032512	2	0	56	1	10	2	2
22821175	713057760020070401	2	0	101	1	10	1	1
22821175	713047728771694592	2	0	142	1	10	0	1
22821175	713017534698627073	0	1	136	1	08	0	0
22821175	712821240264843265	0	2	132	1	19	0	0
22821175	712791035743715328	1	1	145	1	17	0	0
22821175	712734035097858048	0	1	145	1	13	0	0
22821175	712700442132787200	1	1	138	1	11	1	2
22821175	712686620151914496	1	0	108	1	10	1	1
22821175	712682899804266496	1	0	59	1	09	0	0
22821175	712443752032374784	0	2	138	1	18	0	0
22821175	712406001429946369	0	2	135	1	15	0	1
22821175	712386546658201601	2	0	81	1	14	0	1
22821175	712368271513681920	0	1	139	1	13	1	1
22821175	712353198158163970	2	0	86	1	12	0	1
22821175	712329783795785728	1	0	138	1	10	0	5
22821175	712312160219598849	1	0	51	1	09	4	4
22821175	712311225833562112	2	1	102	1	09	3	3
22821175	712310921574490112	1	0	140	1	09	2	2
22821175	712309665988616193	2	0	129	1	09	1	1
22821175	712307856192757761	0	2	109	1	09	0	0
22821175	712148229052207104	1	0	52	1	22	0	1
22821175	712119785748729856	1	0	139	1	20	0	0
22821175	712088333510254593	2	0	108	1	18	2	7
22821175	712088192577474560	2	0	136	1	18	1	6
22821175	712079363466928128	1	0	40	1	17	5	7
22821175	712066263275741185	0	2	137	1	17	5	8
22821175	712065985969192960	1	0	118	1	16	4	7
22821175	712065961117888512	1	0	117	1	16	3	6
22821175	712065940934885376	1	0	118	1	16	3	5
22821175	712065725188276226	1	0	119	1	16	2	4
22821175	712057760427302912	2	0	64	1	16	2	5
22821175	712050850697351168	2	0	71	1	15	2	4
22821175	712043234504151042	1	0	99	1	15	3	3
22821175	712036102819946496	0	1	137	1	15	2	2
22821175	712029518945333248	1	0	132	1	14	1	1
22821175	712028956384317440	1	0	65	1	14	0	0
22821175	711990769184337920	0	2	139	1	12	3	3
22821175	711989374682947586	2	0	106	1	11	2	2
22821175	711988779410587648	1	0	65	1	11	1	1
22821175	711988379865321472	1	0	45	1	11	0	0
22821175	711957956519038976	1	0	137	1	09	7	7
22821175	711956687893045248	1	0	65	1	09	6	6
22821175	711954232673308673	1	0	80	1	09	5	5
22821175	711954024065474560	2	0	120	1	09	4	4
22821175	711953548083204096	1	0	117	1	09	3	3
22821175	711953240548446208	2	0	137	1	09	2	2
22821175	711950601916125184	2	1	145	1	09	1	1
22821175	711949493357252609	1	0	69	1	09	0	0
22821175	711718976120868864	1	1	131	0	18	0	0
22821175	711673675158716416	1	1	138	0	15	0	0
22821175	711617961807585280	1	0	100	0	11	3	3
22821175	711617580696346624	1	0	113	0	11	2	2
22821175	711615170959683584	1	0	134	0	11	1	1
22821175	711612963283578880	2	1	142	0	10	0	0
22821175	711356597667233793	0	2	144	0	18	0	0
22821175	711311285514854402	0	1	144	0	15	0	0
22821175	711265994963075072	1	2	135	0	12	0	0
22821175	711220689882259457	0	1	125	0	09	0	0
22821175	710994200846864384	1	1	132	1	18	0	4
22821175	710975438663733248	1	0	115	1	16	3	3
22821175	710975298783719424	1	0	122	1	16	2	2
22821175	710972332060192768	1	0	116	1	16	1	1
22821175	710964000759160835	0	2	139	1	16	0	1
22821175	710935573226135552	1	0	64	1	14	0	2
22821175	710913219867443200	0	1	140	1	12	1	4
22821175	710905940405559296	1	0	155	1	12	3	3
22821175	710896601884008449	1	0	139	1	11	2	2
22821175	710896104858980352	1	0	139	1	11	1	1
22821175	710891990037049344	1	0	25	1	11	0	0
22821175	710860860911128576	1	1	138	1	09	0	0
22821175	710813027206037506	0	1	140	1	06	0	0
22821175	710638314492006400	1	0	95	1	18	1	1
22821175	710631818299641856	0	1	131	1	18	0	0
22821175	710600607485153280	1	0	102	1	15	1	2
22821175	710586512098906112	1	1	126	1	15	1	10
22821175	710581219088445441	1	1	144	1	14	3	9
22821175	710569731497943041	1	0	49	1	13	8	9
22821175	710569472122159104	2	0	70	1	13	7	8
22821175	710568536561688576	1	0	84	1	13	6	8
22821175	710565198181081088	1	0	88	1	13	5	7
22821175	710564739777060864	2	0	65	1	13	4	6
22821175	710564495723134976	1	0	94	1	13	3	5
22821175	710563109560160256	1	0	116	1	13	2	4
22821175	710560034229395456	3	0	137	1	13	1	3
22821175	710556312816513025	0	1	140	1	13	0	2
22821175	710540699016409089	3	0	67	1	11	1	2
22821175	710539199980576768	0	0	91	1	11	0	1
22821175	710511023212650497	0	1	136	1	10	0	0
22821175	710480817361981440	0	1	138	1	08	0	0
22821175	710254321678622720	0	1	134	1	17	0	0
22821175	710211271874859008	1	0	125	1	14	3	3
22821175	710211252727840768	1	0	124	1	14	2	2
22821175	710211232293199872	1	0	117	1	14	1	1
22821175	710211207790104576	1	0	125	1	14	0	0
22821175	710163503986806784	1	0	129	1	10	4	4
22821175	710162719064903680	1	1	93	1	10	3	3
22821175	710160385454682112	3	2	145	1	10	2	2
22821175	710157407591071745	0	1	131	1	10	1	1
22821175	710152446144749569	0	1	140	1	10	0	0
22821175	710118429508964352	0	2	137	1	08	0	0
22821175	709891937130643457	0	2	138	1	17	0	2
22821175	709874638453477376	0	1	144	1	15	1	1
22821175	709861741858050051	0	1	144	1	15	0	0
22821175	709801336951447553	0	1	139	1	11	1	4
22821175	709795670429794304	2	0	98	1	10	0	4
22821175	709777926179303424	1	0	121	1	09	3	3
22821175	709777418068701184	1	0	120	1	09	2	2
22821175	709777323260641282	1	0	124	1	09	1	1
22821175	709770897150717952	0	1	144	1	08	0	0
22821175	709544648965033984	1	1	140	1	18	0	5
22821175	709517949720080384	1	0	120	1	16	4	5
22821175	709517932183687169	1	0	123	1	16	3	4
22821175	709517916140535809	1	0	122	1	16	2	3
22821175	709517898620887040	1	0	123	1	16	1	2
22821175	709517872398086144	1	0	121	1	16	0	1
22821175	709499410766548993	1	0	140	1	15	0	0
22821175	709454050119585792	0	2	137	1	12	0	1
22821175	709425331724165120	0	1	124	1	10	6	6
22821175	709414576903708673	1	0	140	1	09	5	6
22821175	709414269821923328	1	0	75	1	09	4	5
22821175	709413884273135617	1	0	64	1	09	3	4
22821175	709413581444370433	1	0	69	1	09	2	3
22821175	709411752773955589	1	0	65	1	09	1	2
22821175	709411610377334785	2	0	125	1	09	0	1
22821175	709393656994725889	0	1	90	1	08	0	0
22821175	709182257232285696	0	2	133	0	18	0	0
22821175	709106760305475584	0	2	131	0	13	0	1
22821175	709076561585111041	0	1	134	0	11	0	0
22821175	709031265245274112	1	1	150	0	08	0	0
22821175	708819383678701569	0	2	130	0	17	1	2
22821175	708812975151255552	3	0	125	0	17	0	1
22821175	708789671103430656	0	1	133	0	16	0	1
22821175	708761381164552192	1	3	139	0	14	0	1
22821175	708745990648401922	0	1	143	0	13	0	1
22821175	708720312918016000	2	0	90	0	11	2	2
22821175	708714601844645888	3	0	145	0	11	1	1
22821175	708712919370833922	0	1	116	0	10	0	1
22821175	708683976341331968	1	1	144	0	09	0	0
22821175	708535444426784768	1	1	137	1	23	0	2
22821175	708519840684724224	0	1	70	1	22	2	2
22821175	708519596173565953	2	2	151	1	22	1	1
22821175	708504882265722880	0	2	144	1	21	0	0
22821175	708442382027657216	0	1	136	1	17	0	0
22821175	708397083980599297	0	1	138	1	14	0	3
22821175	708372545687257088	1	0	27	1	12	7	7
22821175	708371280601284609	1	0	61	1	12	6	6
22821175	708369337065668608	2	0	111	1	12	5	5
22821175	708362854479429632	1	0	112	1	11	4	5
22821175	708361713993666560	3	0	136	1	11	3	4
22821175	708361540131360768	3	0	134	1	11	2	3
22821175	708360809299050496	2	1	145	1	11	1	2
22821175	708360597608333312	2	0	83	1	11	0	1
22821175	708338808274563072	0	1	155	1	10	0	0
22821175	708291388597800960	0	2	139	1	07	0	0
22821175	708071800765292544	1	2	135	1	16	0	0
22821175	708018534329094144	0	1	140	1	12	0	1
22821175	708000722831482882	2	0	143	1	11	0	1
22821175	707974550521303040	0	1	138	1	10	2	2
22821175	707961980066209792	1	0	29	1	09	1	1
22821175	707961505384243200	2	0	145	1	09	0	0
22821175	707738809803218945	2	0	102	1	18	2	2
22821175	707737289141530624	2	0	56	1	18	1	1
22821175	707732706348699648	1	2	139	1	18	0	0
22821175	707691209267875840	1	0	140	1	15	4	4
22821175	707691185385504768	1	0	139	1	15	3	3
22821175	707691162144874496	1	0	141	1	15	2	2
22821175	707691132054949889	1	0	139	1	15	1	1
22821175	707687413301317633	0	1	138	1	15	0	0
22821175	707621556541763584	1	0	139	1	10	7	7
22821175	707621504310063104	1	0	138	1	10	6	6
22821175	707621442821574656	1	0	142	1	10	5	5
22821175	707621394696130560	1	0	142	1	10	4	4
22821175	707621340094681088	1	0	142	1	10	3	3
22821175	707616433006481408	1	0	106	1	10	2	2
22821175	707615830503100416	1	0	115	1	10	1	1
22821175	707611928982638594	2	0	143	1	10	0	0
22821175	707371490128179200	1	0	142	1	18	11	12
22821175	707371446406754304	1	0	139	1	18	10	11
22821175	707371393810206720	1	0	142	1	18	9	10
22821175	707371341255614464	1	0	141	1	18	8	9
22821175	707371317121519616	1	0	89	1	18	7	8
22821175	707371269549727745	1	0	131	1	18	6	7
22821175	707370317803552768	0	1	142	1	18	5	6
22821175	707369912755302400	1	0	136	1	17	4	5
22821175	707360509595549696	1	0	79	1	17	3	8
22821175	707358673488580608	1	0	109	1	17	2	7
22821175	707357923802882048	1	0	68	1	17	1	6
22821175	707356572385550337	2	0	129	1	17	1	5
22821175	707342565536718848	1	0	138	1	16	4	5
22821175	707337751402688513	1	0	139	1	15	4	4
22821175	707337682200829952	1	0	136	1	15	3	3
22821175	707337435118587904	1	0	138	1	15	2	2
22821175	707337109707759616	1	0	142	1	15	1	1
22821175	707325026459058176	0	1	128	1	15	0	0
22821175	707279737375363072	0	2	141	1	12	0	0
22821175	707234427433254914	0	1	140	1	09	0	0
22821175	706977734786940928	1	1	139	1	16	2	2
22821175	706968149577445376	1	0	37	1	15	1	1
22821175	706967791606181888	1	0	64	1	15	0	0
22821175	706932436366716928	0	1	135	1	13	0	1
22821175	706903125345501184	1	0	52	1	11	1	1
22821175	706902215873601538	1	0	61	1	10	0	0
22821175	706856298076176385	0	2	134	1	07	0	0
22821175	706617990574309377	0	1	138	0	16	0	0
22821175	706554947035406337	0	2	132	0	12	0	0
22821175	706509653279170560	0	1	131	0	09	0	0
22821175	706282177164496896	1	0	45	0	17	1	1
22821175	706268056595644416	0	1	131	0	17	0	0
22821175	706222757831450624	0	1	133	0	14	0	0
22821175	706184877255753728	1	0	61	0	11	0	0
22821175	706148575638454272	0	1	124	0	09	0	0
22821175	705928318164602880	0	2	139	1	18	0	2
22821175	705900664082157568	2	0	42	1	16	1	2
22821175	705900290248015873	1	0	34	1	16	0	1
22821175	705885101142376448	0	1	138	1	15	0	0
22821175	705811159274749952	1	0	35	1	10	4	4
22821175	705809877491273728	1	0	79	1	10	3	3
22821175	705809752706543616	1	0	113	1	10	2	2
22821175	705806768710914048	1	0	42	1	10	1	1
22821175	705800308920745985	0	1	144	1	10	0	0
22821175	705762221821980672	1	1	135	1	07	0	0
22821175	705577251925000193	1	1	93	1	19	0	0
22821175	705542123974594562	0	1	140	1	16	0	0
22821175	705505532094849024	0	1	130	1	14	0	6
22821175	705477424310407168	2	0	66	1	12	7	8
22821175	705477139546505216	1	0	43	1	12	6	7
22821175	705476956372860928	2	0	62	1	12	5	6
22821175	705476772565921792	2	0	43	1	12	4	5
22821175	705476266024042496	1	0	49	1	12	3	4
22821175	705475773109407744	1	0	68	1	12	2	3
22821175	705472830280830977	1	0	44	1	12	1	2
22821175	705472611484987392	1	0	38	1	12	0	1
22821175	705452689941995521	0	1	130	1	11	0	0
22821175	705414933199134720	3	1	149	1	08	0	0
22821175	705211089840164865	0	1	138	1	19	0	1
22821175	705180891644096513	0	1	81	1	17	0	9
22821175	705162977217892352	1	0	51	1	15	8	8
22821175	705162805301813248	2	0	108	1	15	7	7
22821175	705161571941494784	1	0	68	1	15	6	6
22821175	705159545539039232	1	0	31	1	15	5	5
22821175	705159115660603392	1	0	75	1	15	4	4
22821175	705158884852260864	1	0	88	1	15	3	3
22821175	705158165277515776	1	0	84	1	15	2	2
22821175	705157774276071425	2	0	88	1	15	1	1
22821175	705156069538922496	1	0	62	1	15	0	0
19364233	722202746850385920	0	0	109	1	18	0	1
19364233	722173433665175553	0	0	93	1	16	1	2
19364233	722163106038743040	3	0	137	1	15	1	1
19364233	722154952848576513	0	0	115	1	15	0	1
19364233	722127450356854786	1	0	133	1	13	1	2
19364233	722114926978830337	0	0	101	1	12	1	2
19364233	722103811762827265	1	0	102	1	11	1	1
19364233	722095692395614209	1	0	129	1	11	0	0
19364233	722039491981131777	0	0	113	1	07	0	0
19364233	721108278877429760	2	0	139	1	17	1	1
19364233	721098403279572993	1	0	106	1	17	0	1
19364233	721071546781990912	1	0	108	1	15	0	1
19364233	721055199805083648	0	0	135	1	14	0	1
19364233	721031077427449856	2	0	107	1	12	1	2
19364233	721017714110640128	0	0	86	1	11	1	1
19364233	721005410077945856	2	0	138	1	11	0	0
19364233	720952398676697088	0	0	95	1	07	0	0
19364233	720729733764263936	1	0	114	1	16	1	2
19364233	720725916469604353	0	0	68	1	16	0	1
19364233	720708603804397568	1	0	130	1	15	0	1
19364233	720688877137080320	2	0	131	1	14	2	3
19364233	720677093684543488	3	1	148	1	13	2	3
19364233	720677055134699520	0	0	118	1	13	1	2
19364233	720667544420417536	1	0	117	1	12	0	1
19364233	720649427753443328	0	0	132	1	11	0	0
19364233	720378259708321792	0	0	119	1	17	1	2
19364233	720365307051683840	0	0	119	1	16	1	3
19364233	720361066232827905	2	0	64	1	16	0	3
19364233	720345833720270850	0	0	140	1	15	2	2
19364233	720341848061906947	1	0	128	1	15	1	2
19364233	720333313777344514	0	0	121	1	14	0	1
19364233	720313189125062656	0	0	131	1	13	0	2
19364233	720290428390481920	1	0	13	1	11	1	1
19364233	720286374360776704	1	0	108	1	11	0	0
19364233	720025818764685312	0	0	133	1	18	0	1
19364233	720007606907965440	0	0	118	1	16	0	1
19364233	719985254375645185	2	0	140	1	15	0	1
19364233	719966137979514880	1	0	119	1	14	0	1
19364233	719945741012086785	1	0	111	1	12	1	2
19364233	719933624368254977	2	0	105	1	12	1	1
19364233	719925079346274304	1	0	125	1	11	0	0
19364233	719652245202055168	1	1	139	1	17	0	1
19364233	719634211733250048	0	0	127	1	16	0	1
19364233	719612666155634688	0	0	140	1	14	0	0
19364233	719580194168635392	1	0	126	1	12	0	1
19364233	719561486205456385	0	0	119	1	11	0	0
19364233	719210361363107842	1	0	114	0	12	0	0
19364233	718829095006527488	0	0	103	0	10	0	0
19364233	718476244824625152	1	0	123	1	11	1	1
19364233	718466074325323778	1	1	97	1	10	0	0
19364233	718060873537826816	0	0	118	1	08	0	0
19364233	717456852296933376	1	0	140	1	16	1	2
19364233	717449281469177856	1	0	127	1	15	0	1
19364233	717430390898561024	0	0	111	1	14	0	0
19364233	717400174096556032	1	0	137	1	12	0	1
19364233	717373627285377028	1	0	105	1	10	0	0
19364233	717118534132731904	0	0	126	1	17	1	2
19364233	717111720951439360	3	0	130	1	17	1	2
19364233	717096964056227841	1	0	114	1	16	1	1
19364233	717087236538273793	1	0	104	1	15	0	1
19364233	717065647163768832	1	0	103	1	14	0	1
19364233	717045367838101504	0	0	117	1	12	0	2
19364233	717022869494976512	2	1	145	1	11	1	1
19364233	717022207155707904	1	0	142	1	11	0	0
19364233	716016392999284736	0	0	135	1	16	0	0
19364233	715973863947968512	1	0	119	1	13	0	1
19364233	715954717579304960	0	0	88	1	12	0	1
19364233	715931031258468353	0	0	98	1	10	0	0
19364233	715676615812866048	1	0	86	1	18	0	0
19364233	715611267717668864	1	0	139	1	13	1	1
19364233	715599219071909889	0	0	138	1	12	0	1
19364233	715569664206589952	0	1	121	1	11	0	0
19364233	715289810512941056	2	0	136	1	16	0	1
19364233	715259953322143744	1	0	134	1	14	1	1
19364233	715246508359028736	1	0	131	1	13	0	0
19364233	715215613480710144	2	0	133	1	11	0	0
19364233	714941402883313664	0	0	135	1	17	0	0
19364233	714890926989021184	1	0	121	1	14	0	1
19364233	714875051426775040	0	0	140	1	13	0	1
19364233	714846327725694976	0	0	86	1	11	0	0
19364233	714559871094403073	0	0	112	1	16	0	1
19364233	714543170609029120	1	0	118	1	15	0	0
19364233	714509707763843072	1	0	117	1	12	0	1
19364233	714491769673494529	1	0	138	1	11	0	0
19364233	713455706536546304	1	0	106	1	15	0	1
19364233	713431912384036864	1	0	102	1	13	1	1
19364233	713421701963382784	1	0	140	1	12	0	1
19364233	713398371927470080	1	0	99	1	11	0	0
19364233	713136266091503616	1	0	119	1	17	1	2
19364233	713121966912249856	1	0	128	1	16	1	1
19364233	713111053924585473	1	0	111	1	16	0	1
19364233	713091222437408769	2	0	136	1	14	0	1
19364233	713061951077687296	3	0	137	1	12	0	1
19364233	713035165589643264	1	0	133	1	11	0	0
19364233	712730996156686336	0	0	138	1	15	0	1
19364233	712715782287798272	1	0	130	1	14	0	1
19364233	712697345377349632	1	0	129	1	12	0	1
19364233	712677072343158784	1	0	134	1	11	0	0
19364233	712379456086614016	0	0	139	1	15	0	1
19364233	712356537637801984	4	0	91	1	14	1	2
19364233	712342029259264000	0	0	120	1	13	1	2
19364233	712330290912362496	1	0	138	1	12	1	1
19364233	712315822547410944	1	0	114	1	11	0	0
19364233	712066627957710848	1	0	87	1	19	0	0
19364233	712018772660387840	0	0	131	1	15	0	1
19364233	712003489614856192	0	0	108	1	14	0	0
19364233	711971453671854084	0	0	117	1	12	0	1
19364233	711951389786648576	0	0	105	1	11	0	0
19364233	710960828367810560	0	0	110	1	17	0	0
19364233	710920621492809728	0	0	123	1	15	1	1
19364233	710907622103252993	1	0	128	1	14	0	1
19364233	710887088875372544	1	0	111	1	12	0	1
19364233	710867993228500993	1	0	107	1	11	1	1
19364233	710855546786611201	1	0	103	1	10	0	0
19364233	710601401101979648	0	0	137	1	17	0	0
19364233	710561792515186688	1	0	132	1	15	0	2
19364233	710543746023030784	0	0	131	1	14	1	3
19364233	710533043283300352	0	0	126	1	13	2	2
19364233	710525950673362944	1	0	39	1	12	1	2
19364233	710525576117747712	0	0	87	1	12	0	1
19364233	710498552590393344	0	0	117	1	11	0	0
19364233	710306722217205761	0	0	113	1	22	0	0
19364233	710209136110264321	0	0	123	1	16	0	1
19364233	710185693734162433	0	0	137	1	14	0	0
19364233	710149649860993024	1	0	135	1	12	0	1
19364233	710125806794592256	1	0	119	1	10	0	0
19364233	709903998640259072	1	0	87	1	19	0	1
19364233	709885094551429120	1	0	137	1	18	0	0
19364233	709851798853390336	1	0	119	1	16	1	1
19364233	709839472351846401	0	0	136	1	15	0	0
19364233	709789036110438401	0	0	107	1	12	2	2
19364233	709787219817422849	0	0	91	1	12	1	1
19364233	709779417279504384	0	0	121	1	11	0	0
19364233	709525079579713536	1	0	100	1	18	0	1
19364233	709506663556886528	0	0	132	1	17	0	1
19364233	709480346065108992	1	0	138	1	15	0	1
19364233	709459089781207040	0	0	86	1	14	0	1
19364233	709438275715354626	1	0	106	1	12	0	1
19364233	709409969200766977	0	0	113	1	11	0	0
19364233	708397689302421504	0	0	136	1	16	0	1
19364233	708374711881740288	1	0	99	1	14	0	1
19364233	708350682378559488	0	1	135	1	12	1	1
19364233	708338453809725444	1	0	98	1	12	0	0
19364233	708054978112294913	0	1	88	1	17	0	1
19364233	708032520302895105	0	0	118	1	15	0	1
19364233	708003420473405440	2	0	121	1	13	0	2
19364233	707984470255636480	0	0	118	1	12	1	1
19364233	707975901120598016	1	0	58	1	12	0	0
19364233	707693883690332161	0	1	122	1	17	1	2
19364233	707683355282710528	2	0	113	1	16	1	2
19364233	707670224242278400	1	0	128	1	15	1	2
19364233	707656775000989696	0	0	128	1	14	0	1
19364233	707640721415614465	0	0	122	1	13	0	2
19364233	707623764431740928	1	0	114	1	12	1	1
19364233	707617082557370368	2	0	135	1	12	0	0
19364233	707400503861256193	0	0	129	1	21	0	1
19364233	707377066686095365	2	0	136	1	20	0	0
19364233	707332413265829888	1	0	121	1	17	1	2
19364233	707321898590310400	0	0	120	1	16	0	2
19364233	707306697912549376	2	0	124	1	15	1	1
19364233	707296917311455234	0	0	94	1	15	0	1
19364233	707274918488989696	1	0	134	1	13	0	1
19364233	707248805557633024	2	0	112	1	11	0	0
19364233	706957829270151168	1	0	125	1	16	0	1
19364233	706937555166502912	1	0	105	1	15	1	1
19364233	706924761679409152	1	0	107	1	14	0	1
19364233	706895203899080704	1	0	132	1	12	0	0
19364233	706204483827544064	0	1	126	0	14	0	0
19364233	705887198025949185	0	0	110	1	17	1	1
19364233	705876923990147072	1	0	139	1	17	0	0
19364233	705832393995788288	2	0	140	1	14	0	1
19364233	705813625630384128	1	0	115	1	12	1	1
19364233	705801602347630592	0	0	132	1	12	0	0
19364233	705747238992142336	0	0	88	1	08	0	0
19364233	705517065713504256	0	0	100	1	17	1	2
19364233	705502922281385985	1	0	120	1	16	0	1
19364233	705487352920043520	0	0	138	1	15	0	1
19364233	705458280013762560	0	0	135	1	13	0	1
19364233	705442827208011776	0	0	130	1	12	0	0
19364233	705383442817617920	0	0	134	1	08	0	0
19364233	705153011048325120	0	1	135	1	17	0	1
19364233	705134907798851584	0	0	130	1	15	1	1
19364233	705120035400847360	0	0	127	1	14	0	1
19364233	705097251727671300	1	0	115	1	13	0	1
19364233	705076242131759104	1	0	103	1	12	0	0
19364233	704814428751933441	1	0	101	1	18	0	1
19364233	704786948414533632	0	0	139	1	16	0	1
19364233	704769208567992320	0	0	115	1	15	0	1
19364233	704748827626987520	1	0	116	1	14	1	2
19364233	704737936302952448	2	0	153	1	13	0	2
19364233	704721796113657856	4	0	132	1	12	1	1
19364233	704714106490589184	0	0	124	1	12	0	0
19364233	704453021376196608	0	1	138	1	18	1	2
19364233	704447426082410496	0	0	87	1	18	0	1
19364233	704426936160776192	0	0	91	1	17	0	1
19364233	704401327309230080	1	0	92	1	15	0	2
19364233	704384879518044160	1	0	107	1	14	1	2
19364233	704371629661380609	1	0	119	1	13	1	2
19364233	704358605609263104	1	0	137	1	12	1	1
19364233	704349466485088258	0	0	109	1	11	0	0
6878392	721791386052198400	0	0	69	0	13	0	0
6878392	721060507986231296	1	4	94	1	12	0	1
6878392	721035455471300608	1	0	145	1	11	0	0
6878392	720894858181758976	1	0	140	1	01	0	1
6878392	720872552701120513	1	1	143	1	00	0	0
6878392	720004641522610176	3	0	129	1	14	0	0
6878392	719614768990912512	0	0	98	1	12	0	0
6878392	718580017324802048	0	1	116	1	16	0	0
6878392	718451133010747392	2	0	136	1	07	0	0
6878392	717472958789201920	0	0	102	1	15	0	0
6878392	716446984337494017	2	0	124	0	19	0	0
6878392	716406639771983873	0	0	124	0	16	0	0
6878392	715268375862087680	0	0	89	1	13	0	0
6878392	714961962468139008	1	0	96	1	16	1	1
6878392	714958800961290240	3	0	122	1	16	0	0
6878392	714121963375972352	1	0	53	0	09	0	0
6878392	713126381689802752	0	0	74	1	15	1	1
6878392	713115680866828295	0	1	135	1	14	0	0
6878392	711653159425351680	2	2	96	0	13	0	0
6878392	711384069259460608	1	3	88	0	19	0	0
6878392	710633978726719489	0	0	143	1	18	0	0
6878392	710602504824688640	0	2	123	1	16	0	0
6878392	710324935374163968	0	0	142	1	21	0	0
6878392	709924501312540672	0	0	140	1	19	5	5
6878392	709924413173436416	0	0	143	1	19	4	4
6878392	709924378121613313	0	0	143	1	19	3	3
6878392	709924284144091138	0	0	141	1	19	2	2
6878392	709923596668239872	0	0	135	1	19	1	1
6878392	709923399959588864	0	0	140	1	19	0	0
6878392	708913223794188289	3	0	145	0	00	0	0
6878392	708490495966588929	1	0	97	1	20	2	2
6878392	708484668492910592	2	0	94	1	19	1	1
6878392	708476922653593600	0	0	118	1	19	0	0
6878392	708435638308233216	1	0	103	1	16	1	1
6878392	708433192336957440	0	4	115	1	16	0	0
6878392	708098493806555136	0	0	25	1	18	0	0
6878392	708057632540532737	4	3	145	1	15	0	0
6878392	707001296616685568	1	0	118	1	17	0	0
6878392	705678168015785984	1	0	149	1	01	0	0
6878392	705548327224348672	1	0	145	1	17	0	0
6878392	705479543260184576	2	0	145	1	12	0	0
6878392	705287169775022080	1	0	39	1	00	0	0
6878392	705216912985292800	0	5	119	1	19	0	0
6878392	705177395209187328	2	1	94	1	16	0	1
6878392	705154960812445696	0	0	80	1	15	0	0
6878392	704171968375853056	0	0	140	0	22	1	1
6878392	704170735456034816	0	1	116	0	22	0	0
6878392	704136376489410560	0	0	137	0	19	0	0
6878392	703751032992505856	1	1	130	0	18	0	0
6878392	703373953545293824	1	0	120	1	17	0	0
6878392	703288737183059968	1	0	137	1	11	0	0
6878392	703172247008088064	1	0	145	1	03	0	0
6878392	702673301806534656	1	0	133	1	18	0	0
6878392	701866588459261953	0	0	65	1	13	0	0
6878392	700450590644506624	0	0	106	1	15	0	0
6878392	699685377599279104	0	0	126	1	13	0	0
6878392	699252153345388544	0	0	118	1	08	0	0
6878392	698796717014122496	1	0	120	0	02	0	0
6878392	698660279442235393	0	2	136	0	17	1	2
6878392	698655690798166016	3	0	149	0	16	0	1
6878392	698640548026937344	1	0	145	0	15	0	0
6878392	696883185163100161	0	0	117	1	19	0	0
6878392	696159363652677632	2	0	112	0	19	0	0
6878392	695812446557089792	1	0	44	1	20	0	0
6878392	695763971190591488	1	0	89	1	17	0	1
6878392	695748351627755520	0	0	113	1	16	0	0
6878392	693997007652782080	1	0	134	0	20	0	0
6878392	692862782706823168	0	0	41	1	17	1	1
6878392	692862683574509569	2	2	140	1	17	0	0
6878392	692813565070213120	1	0	140	1	13	0	0
6878392	692460577436913665	1	0	150	1	14	0	0
6878392	692090328325558272	0	0	140	1	14	0	0
6878392	691021060129452032	3	0	150	0	15	0	0
6878392	690625747216543744	1	0	137	1	13	0	0
6878392	690288958845005825	1	1	98	1	14	0	0
6878392	690005781828243458	2	0	145	1	19	0	0
6878392	689669715296329728	1	0	88	1	21	0	0
6878392	688518524277358592	0	0	44	0	17	0	0
6878392	688175175322320897	0	0	44	1	18	0	0
6878392	687765795540078592	1	0	140	1	15	0	0
6878392	687733419892027392	1	0	145	1	13	0	0
6878392	687502472827437056	2	0	139	1	22	0	0
6878392	687020279994818560	2	0	93	1	14	0	0
6878392	686703998334844928	1	1	145	1	17	1	1
6878392	686703345470328832	0	0	140	1	17	0	0
6878392	686487821285068800	0	0	82	1	03	0	3
6878392	686472485131292672	0	0	142	1	01	2	4
6878392	686466084648517632	1	0	106	1	01	2	3
6878392	686462727473111040	1	0	58	1	01	2	2
6878392	686452280325849089	0	2	140	1	00	1	1
6878392	686449994245656576	0	0	77	1	00	0	0
6878392	686387105648381952	0	2	140	0	20	0	0
6878392	686354744630087680	0	1	81	0	18	0	0
6878392	685538083673014273	2	0	140	1	12	0	0
6878392	684874957902360576	4	0	145	1	16	0	0
6878392	684553636144234496	1	0	115	1	18	2	2
6878392	684550834042998784	1	0	111	1	18	1	1
6878392	684550148211347456	1	0	132	1	18	0	0
6878392	684284970961997824	0	0	63	1	01	0	0
6878392	683810691204132865	0	0	124	0	17	0	0
6878392	683686319088771072	4	0	182	0	09	0	0
6878392	683502743588220928	1	0	64	0	21	0	0
6878392	682989699938533376	0	0	106	1	11	0	0
6878392	681737042544300033	0	0	129	1	00	0	0
6878392	680914501777133568	0	1	115	0	17	0	0
6878392	680475122919026688	0	1	151	1	12	0	0
6878392	679834640669110272	0	0	124	1	18	0	0
6878392	679441118505771012	0	0	138	1	16	0	0
6878392	678408970948624384	2	1	79	0	19	0	0
6878392	678311244885979136	1	0	92	0	13	0	0
6878392	677991834027753473	0	1	51	1	16	0	0
6878392	677671460748574720	4	0	149	1	19	0	0
6878392	677608713717456896	0	1	110	1	14	0	0
6878392	677310064936357888	1	0	137	1	19	0	0
6878392	677246243752583168	2	0	137	1	14	1	1
6878392	677233656348278790	1	0	139	1	14	0	0
6878392	676263364348153856	1	0	49	0	21	0	0
6878392	675771298228756480	5	0	138	0	13	0	0
6878392	675091490390073344	4	0	145	1	16	0	0
6878392	674767837374734336	0	0	137	1	18	0	0
6878392	674703195248005120	1	0	79	1	14	0	0
6878392	673272720457502720	1	0	139	0	15	0	0
6878392	672863309444567040	0	1	131	1	12	0	0
6878392	669394899956047873	1	1	92	1	22	1	1
6878392	669380696343883777	0	0	82	1	22	0	0
6878392	669042596711260165	1	0	139	1	23	0	0
6878392	668717282059677696	1	0	134	1	02	0	0
6878392	668669326006718464	2	0	134	0	22	0	1
6878392	668650659600728064	1	0	138	0	21	0	0
6878392	667956089112129536	0	0	126	1	23	0	0
6878392	667812217299951616	1	0	131	1	14	0	0
6878392	667659490049654784	0	1	140	1	04	0	0
6878392	666806225846210560	1	0	137	1	19	1	1
6878392	666793249604939776	1	0	145	1	18	0	0
6878392	666395989561864193	2	0	143	1	16	0	0
6878392	665936052700381184	2	0	108	0	09	0	0
6878392	665319457942863872	0	0	75	1	17	0	1
6878392	665301789567279104	1	0	126	1	15	0	0
6878392	664541649347829760	1	0	132	1	13	0	0
6878392	663497752832303105	1	0	125	0	16	0	0
6878392	662395061712191488	2	0	143	1	15	2	3
6878392	662386067182489601	1	0	138	1	14	1	2
6878392	662382171059937280	2	0	144	1	14	1	1
6878392	662370139111751680	3	0	139	1	13	0	0
6878392	662339623318745088	2	0	136	1	11	0	0
6878392	662080773885857792	0	0	136	1	18	0	0
6878392	661086849247526912	2	1	81	1	00	0	0
6878392	660933816920449025	0	0	117	0	14	0	0
6878392	660546346689036288	3	1	144	0	12	0	0
6878392	660035084410458112	0	0	129	1	03	0	0
6878392	659605138563276801	1	0	61	1	22	0	0
6878392	659215889246457856	3	0	80	1	20	1	1
6878392	659203419949826048	1	2	137	1	20	0	1
6878392	659183962372239360	3	0	133	1	18	0	0
6878392	659106940832755712	1	0	137	1	13	0	0
6878392	658746882437484544	1	0	85	1	13	0	0
6878392	658463227412664320	0	0	131	0	19	0	0
6878392	658195712153419776	0	1	126	0	01	0	0
6878392	658048897168879616	1	1	98	0	15	0	0
6878392	657319011558932480	0	0	114	1	15	0	0
6878392	656908228689817601	0	1	115	1	12	0	0
6878392	656689477151125504	0	0	107	1	21	2	2
6878392	656688566211182593	1	1	142	1	21	1	1
6878392	656684910510518272	1	0	134	1	21	0	0
6878392	656637518763290624	2	0	137	1	18	0	0
6878392	656538136697159680	0	1	138	1	11	0	1
6878392	656515022340751360	1	0	138	1	09	0	0
6878392	656264740382093312	0	0	125	1	17	0	0
6878392	656192965426081792	1	1	96	1	12	0	0
6878392	656159702795943936	1	0	136	1	10	0	0
6878392	655929650363764736	0	0	58	0	19	0	0
6878392	655831758605283328	1	0	139	0	12	1	1
6878392	655820576091582464	1	0	100	0	11	0	0
6878392	655435188802068480	0	3	70	0	10	0	0
6878392	654475286247936000	0	0	124	1	18	0	2
6878392	654450213336125440	2	0	136	1	17	1	1
6878392	654449198524317696	0	0	118	1	17	0	0
6878392	654137990818623488	0	0	130	1	20	0	2
6878392	654118489209241601	0	1	105	1	19	1	2
6878392	654113535522242560	1	0	79	1	18	1	2
6878392	654103212690026496	0	1	128	1	18	0	1
6878392	654087115169378305	0	0	43	1	17	0	0
6878392	653799381938909184	0	0	128	1	22	0	0
6878392	653698924679573504	4	0	143	1	15	0	0
6878392	653494415713923072	1	0	111	1	01	0	0
6878392	653388087515480064	2	0	98	0	18	0	0
6878392	653302063288352768	1	0	106	0	13	1	1
6878392	653300769823825920	0	0	122	0	13	0	0
6878392	652621888095580161	0	0	139	1	16	0	0
6878392	652243216616562689	0	1	126	1	15	0	0
6878392	651175076910383105	0	1	140	1	16	1	2
6878392	651166127960166401	1	0	113	1	15	1	1
6878392	651155905526915078	1	1	134	1	15	0	0
6878392	650593402698895360	1	0	92	0	01	0	0
6878392	650511722319474688	1	1	122	0	20	0	0
6878392	650050960807473152	1	0	115	1	13	0	0
6878392	650016650683486209	1	0	145	1	11	0	0
6878392	649347039847804929	0	0	139	1	15	0	0
6878392	649023518764478464	2	0	138	1	17	0	0
6878392	648276478224764929	1	1	42	0	16	0	0
